No._nodes:             1329
Nodal_coords:
0	0
100	0
100	100
0	100
0	50.5
49.5	50.5
50	50
49.5	49.5
0	49.5
60	0
40	40
40	49.5
40	50.5
40	52.5
55	52.5
100	5
80	10
19.74781512	0
33.86264093	0
43.95126549	0
51.16214902	0
56.31615492	0
58.31235241	0
27.39634011	0
47.85869078	0
53.95499536	0
39.32945324	0
10.70092129	0
64	0
68	0
72	0
76	0
80	0
84	0
88	0
92	0
96	0
62	0
78	0
74	0
90	0
86	0
70	0
66	0
82	0
94	0
98	0
100	2.5
100	3.75
100	1.25
100	9.186133082
100	14.57125738
100	21.49878597
100	30.41049489
100	41.8746926
100	56.6224614
100	75.59428043
100	25.6744445
100	17.81721095
100	35.78214486
100	65.51187123
100	6.961449174
100	87.02979455
100	48.7848877
100	11.70937961
75	100
50	100
25	100
62.5	100
37.5	100
12.5	100
87.5	100
0	75.25
0	87.625
0	62.875
18.26422669	50.5
29.30084372	50.5
35.96999692	50.5
33.05314273	50.5
24.47381368	50.5
38.23741764	50.5
10.2760922	50.5
42.375	50.5
44.75	50.5
47.125	50.5
45.9375	50.5
43.5625	50.5
41.1875	50.5
48.3125	50.5
49.625	50.375
49.875	49.875
47.125	49.5
44.75	49.5
42.375	49.5
45.9375	49.5
43.5625	49.5
48.3125	49.5
41.1875	49.5
35.96999692	49.5
29.30084372	49.5
18.26422669	49.5
10.2760922	49.5
24.47381368	49.5
38.23741764	49.5
33.05314273	49.5
0	24.75
0	12.375
0	37.125
40	51.5
43.75	52.5
47.5	52.5
51.25	52.5
53.125	52.5
41.875	52.5
49.375	52.5
45.625	52.5
56.78571429	49.46428571
58.57142857	46.42857143
60.35714286	43.39285714
62.14285714	40.35714286
63.92857143	37.32142857
65.71428571	34.28571429
67.5	31.25
69.28571429	28.21428571
71.07142857	25.17857143
72.85714286	22.14285714
74.64285714	19.10714286
76.42857143	16.07142857
78.21428571	13.03571429
77.32142857	14.55357143
66.60714286	32.76785714
55.89285714	50.98214286
57.67857143	47.94642857
70.17857143	26.69642857
61.25	41.875
63.03571429	38.83928571
64.82142857	35.80357143
68.39285714	29.73214286
71.96428571	23.66071429
79.10714286	11.51785714
59.46428571	44.91071429
75.53571429	17.58928571
73.75	20.625
83.33333333	9.166666667
86.66666667	8.333333333
90	7.5
93.33333333	6.666666667
96.66666667	5.833333333
81.66666667	9.583333333
85	8.75
91.66666667	7.083333333
88.33333333	7.916666667
98.33333333	5.416666667
95	6.25
40	47.125
40	44.75
40	42.375
40	41.1875
40	45.9375
40	43.5625
40	48.3125
41.66666667	36.66666667
43.33333333	33.33333333
45	30
46.66666667	26.66666667
48.33333333	23.33333333
50	20
51.66666667	16.66666667
53.33333333	13.33333333
55	10
56.66666667	6.666666667
58.33333333	3.333333333
42.5	35
49.16666667	21.66666667
50.83333333	18.33333333
57.5	5
59.16666667	1.666666667
52.5	15
47.5	25
40.83333333	38.33333333
55.83333333	8.333333333
44.16666667	31.66666667
54.16666667	11.66666667
45.83333333	28.33333333
38.23030381	35.8551302
41.56937102	27.21670901
47.54769101	16.42233659
37.36536827	43.27098929
24.38389487	10.35318058
25.2853665	42.97034845
49.29102351	8.92711697
40.48517079	6.660204269
36.02793514	15.57608968
33.57639455	44.38397444
31.12809398	39.12947838
23.10534957	35.42684468
13.80153476	39.1965354
29.12628308	28.97131266
23.03214304	22.36934321
15.59197529	15.04514255
46.15388851	4.739074802
44.76857062	11.64378436
36.92675266	39.43822402
54.90743405	3.17588156
53.29338356	6.551701133
46.18693919	19.7778765
43.52496814	15.49835217
41.14937356	19.7953991
48.71440377	13.85995872
44.66737431	23.62071369
35.97504347	24.93747627
38.84035169	30.70895151
34.31699998	33.57371249
36.60149969	46.32807546
40.03664815	13.28691831
39.84335625	33.64151866
51.183193	3.5250644
29.89574025	18.33540532
14.47501687	27.10112085
34.52073029	9.447212704
35.3525353	43.4840027
36.99324455	44.94559467
34.99078993	45.66041302
35.79835976	44.6790288
8.532635863	41.9176194
15.47468625	43.8228035
11.162526	45.43530924
22.24129991	45.11213324
27.01557933	45.74163499
24.47393721	46.97606854
19.81090053	18.89795256
19.54142736	24.53961926
14.08023945	20.32201005
17.74103795	21.31590494
37.99584448	4.018497782
37.83134841	7.828207588
33.16425429	5.111006211
36.30135863	5.557083183
41.22971139	31.73301434
41.1979822	33.58352823
39.31174109	32.72805032
40.58404648	32.64272045
54.01422914	8.548819456
54.95731676	6.647672623
54.95368608	7.806878039
39.45758435	26.0063698
40.36554498	28.85929497
37.08439439	28.27752487
38.91475945	27.68045478
45.62694169	25.49352113
46.48983187	23.53554399
46.54664808	24.62833158
38.81806536	44.2238441
38.82645543	42.57266888
39.17992698	43.45379059
44.33210336	13.85285946
41.71953871	14.60171284
42.00058878	12.27621287
42.75461127	13.55622474
28.05792008	41.25780909
23.87202458	39.90992445
27.63858207	37.0405513
26.5309899	39.30589857
44.13977566	19.68271021
45.50360544	21.46851759
42.71447642	22.12443794
44.08093466	21.08676663
54.24239061	4.684451092
51.88441721	5.04831293
53.1502335	3.216165941
53.10500617	4.352128333
38.20852817	14.43846951
34.64883127	12.96633093
37.9610148	11.62839669
36.90246934	12.94163678
18.29522824	37.42354191
13.13240297	33.88065772
19.27707548	31.4199061
16.97074691	34.10194188
38.19481067	17.76771503
42.38867224	17.24461529
40.14872191	16.04296048
32.71991395	21.60496192
33.18845753	16.77771438
38.37978029	22.01895584
35.67579397	19.599228
48.84640618	4.061804387
51.26575115	7.816582637
47.65966914	6.896332471
49.93982468	5.950489641
38.30794042	46.75267569
38.51479615	45.42860449
36.15804441	47.83889048
38.16466911	48.10721351
36.90275749	41.3212628
38.71689334	39.64048671
38.59671786	41.21004167
26.10232458	25.83694838
26.16272007	31.64157784
22.65425774	28.38907523
43.33066495	28.59454635
42.24598228	30.25006075
48.09832807	19.91156016
46.8368996	18.0797268
49.58668449	16.59200302
48.84800053	18.22770126
50.97360717	10.91005065
52.65541775	9.726294699
56.61884737	3.253941874
55.82120919	4.909270694
47.3118546	21.65969985
36.30799286	31.864498
31.87988431	31.56695279
32.18473391	26.80662345
34.44532132	29.6025569
55.51179216	1.614633256
57.40024519	1.630682119
29.39898167	9.558624194
21.76804263	5.409899068
27.99848269	4.993851599
42.63313881	9.081195784
40.06388118	10.23464602
32.3573655	42.330181
31.70922027	46.13809021
29.79907111	43.90720966
42.87046941	25.46179004
40.85628699	23.90100893
37.41290924	37.55916549
39.96182313	36.35362567
39.22288291	37.9790585
43.27959141	5.585250802
47.09947454	10.04948623
45.18264634	7.939080375
34.6223938	39.26906053
32.60050826	35.87393051
36.38570972	34.97049529
35.22544995	36.94696878
44.44357362	26.9370061
44.85472094	2.425637937
50.96052648	1.813112333
48.12235665	2.070772589
53.39433491	1.664564078
33.9343328	47.33729848
19.48436935	12.01575256
27.13811556	14.64369288
26.41944888	20.21223378
23.20102327	16.45352314
39.154451	34.47830532
40.72513867	34.86549581
20.02248338	41.63205208
45.49862756	16.05088591
47.23473249	12.93429489
48.17975875	14.88509341
46.26083875	14.4059831
50.13562811	13.49781959
50.18178941	15.02377189
29.53331773	34.11448745
31.13217656	13.47556521
44.68177887	17.81446039
41.27489001	2.951607783
9.112183807	9.112183983
15.13416548	6.519632236
29.42635726	23.63474005
7.087021494	25.87906425
7.533584919	16.83929286
7.130797909	34.84935856
34.78834763	41.57780871
37.79663389	33.49316191
48.93182335	11.87840631
57.20304167	42.85179953
48.13905057	48.10544043
72.29379819	15.14579134
68.02823955	24.38212097
62.45542073	34.44847229
50.60098557	48.37919575
57.67757402	12.72460323
51.35274457	23.96728375
47.83664421	33.43028046
41.92639607	43.54931751
66.44070224	4.075919816
76.22870024	9.848883667
43.36369651	39.95437179
60.13475818	5.466159324
77.57980418	7.027163366
73.53096031	6.347578987
72.67551034	9.165515938
43.58936634	47.25079577
85.13078837	5.736975875
70.66881912	6.517875624
69.61788534	10.86951347
53.28933483	50.00980066
54.73649938	48.10623378
51.12340999	50.23306041
51.93673197	48.91449053
50.56092163	51.00777145
45.04926677	36.72092589
45.66096735	39.48243196
48.20675133	36.53717956
51.02776107	33.1255101
48.3917943	39.48777224
48.13296927	42.05405153
50.98275534	42.92463807
51.40934094	39.74772784
49.45381803	45.05522063
46.7789831	44.43417796
51.93559626	44.8396349
50.55486532	30.97750089
54.07051535	32.14623417
54.85979997	34.73383098
56.65931749	33.12423288
55.50778817	29.87314414
56.49322311	36.75712454
57.7738347	30.7299722
57.51829117	27.54531461
61.74024181	27.92457793
61.66473378	24.63815358
58.68660789	23.19597246
62.00924499	21.32283555
57.40812874	19.90948207
59.78259862	17.61408655
63.78775209	19.11422439
63.04942868	16.75708114
65.7881159	16.5401825
66.48663473	19.39226289
45.9908755	41.87815403
65.79453325	13.53322484
62.11694259	12.99686922
66.18624588	10.32612702
69.0080575	14.25610312
90.55785317	3.595664359
68.30121371	17.04722373
58.22343633	39.39866302
65.27463849	22.58068085
46.14670851	47.7721431
49.64753719	27.59473936
54.15561308	25.8959987
56.16010972	16.41545956
53.26699514	18.86878753
66.03622559	28.06614507
59.5355545	10.26253489
52.84509764	47.1455149
87.60642934	3.0889087
47.6345165	46.8796086
60.44775142	37.21904352
42.35432442	45.96392617
43.79883228	44.35125908
93.25883125	3.528234075
75.74697838	12.61025663
72.98065617	3.29354833
76.82119415	3.301900228
80.70718154	3.153812333
64.52801177	30.48513226
62.20469338	3.263400142
54.45642362	39.90489369
54.16331513	42.6487117
67.49217728	7.448163835
52.04026553	36.43147526
69.72129458	21.02051035
49.2143021	46.65763487
96.46796924	2.96902839
64.48978871	5.748779208
41.84274181	41.60341264
69.44873616	3.444099602
52.6590289	29.24448591
59.77470558	14.45352908
81.75838521	6.238288775
59.33403902	34.83471175
54.93822118	22.28377218
52.02638635	50.86369109
64.60902093	25.66903843
49.33254793	51.67034497
62.52309349	8.789620846
84.33590065	2.987361534
54.4606105	37.82339831
53.66594787	45.07829219
56.03899536	45.63919209
49.34508781	48.1705916
42.01458385	47.51597058
45.04685625	46.20264956
71.24977848	18.08899235
72.78881585	12.22681011
50.89887477	46.36533166
48.28849665	30.51450028
42.0649566	51.63419077
43.89329452	41.99487586
87.44990758	5.317183715
61.01013734	31.71471703
58.54869295	19.01843829
56.74228238	18.4863552
58.01607453	16.83880952
57.77467874	18.06417355
45.48837871	48.3990982
46.60236743	48.50403741
46.00904217	48.84514503
90.99511545	2.054669774
92.91858887	2.029712313
91.88951937	3.69712534
91.93674035	2.518476627
66.60567104	23.24130255
66.37134973	25.19459355
64.85106744	23.95791102
65.95235979	24.16054199
44.54509166	35.27420898
43.61997275	36.79999071
43.48107777	35.64992292
65.97654118	17.83428593
67.04197075	16.67628365
67.68156685	18.20976236
66.88628188	17.61092579
50.91937302	21.94735902
49.59516989	23.74322542
49.89324437	22.44718394
54.30558497	33.63820254
55.530351	32.58166061
55.87099158	34.02202219
55.221361	33.39234632
52.52313257	17.63400892
51.92262759	19.63751162
51.72011767	18.53002551
68.41865632	26.24822014
69.78980065	24.70525309
69.463198	25.89832809
62.93107784	35.68053368
63.80790255	34.2128405
63.92039084	35.27574289
56.57896881	30.34624727
56.19881556	28.80291558
57.9239356	29.36660562
56.91620996	29.4622417
60.31028537	24.19252946
60.25468598	22.04667477
61.91804587	23.21061401
60.81006445	23.11769745
59.24436199	4.284244291
58.84541136	6.256092897
58.47611757	5.171633878
60.65282457	11.57189365
60.74178096	9.430770264
62.5245806	10.97509637
61.33382867	10.66634074
73.36506112	7.680244535
71.43102001	7.81622026
72.04152191	6.295160327
72.28456325	7.293841944
75.7641169	14.03907725
77.04216994	12.7575051
76.73957494	13.82766714
63.08684333	2.032974273
61.19994677	1.930130765
62.08472906	1.238645882
47.71326463	43.14030276
46.2132705	42.96879547
47.03398972	41.87185201
46.9810948	42.70839221
67.73140863	10.73891872
66.64683931	8.9263018
68.70456547	9.110985599
67.71614689	9.580460117
64.88353792	32.33300641
66.23473385	30.84758964
65.91097024	31.99071838
77.80580958	10.01607984
76.65332675	8.547327669
78.79570612	8.474145354
77.81681908	8.994106064
49.21594611	45.87980176
50.22632388	45.54176006
49.9563027	46.60267529
49.81891152	46.01335819
52.78948494	25.16833868
53.06617901	22.92649117
54.67255227	24.31474692
53.49820171	24.10850006
61.49718429	26.06955235
63.00392527	25.00537173
63.29898633	26.90135021
62.61961426	26.02775718
54.92036701	30.91726145
53.21773611	30.8099487
54.34229463	29.43800248
54.12679479	30.39991207
71.04839914	9.863828095
72.8663926	10.85105659
71.33037379	11.78415255
71.72996344	10.81255336
41.04838068	40.5956773
40.81617789	42.07815104
40.61834527	41.30226839
67.10245454	5.591807482
65.76209149	6.688217752
65.34931457	4.742576241
66.09315467	5.700673028
42.53803057	40.56015712
43.74182304	40.99644182
42.94344704	41.90177491
43.05934478	41.1651664
45.1722579	44.24198655
45.78281473	45.55046796
44.46755011	45.40829798
45.16503783	45.04257811
58.07450164	21.3082987
56.74621082	22.98911176
56.25699987	20.82329538
57.01832414	21.7417421
61.10654131	34.70126258
60.00224659	33.22192031
61.94445442	33.20720203
60.98525263	33.69644879
43.05753891	46.53356583
42.85095699	47.51051347
42.04568091	46.69087845
42.65077363	46.91142142
63.21307883	29.15794104
62.82054318	31.20154867
61.18014416	29.79787186
62.40771931	30.04839896
41.17484875	51.95205877
42.76584305	51.90494099
41.94402807	52.15002256
48.57545813	51.90671627
50.20506388	52.00067975
49.37191496	52.16439513
76.41275395	1.643344242
80.33472972	1.578965507
78.78343922	3.24554665
78.38182965	1.616931842
72.5102061	1.658340082
74.87100904	3.302842505
74.44937073	1.651090568
52.61986945	49.36922866
52.38811631	48.07952247
53.77225973	47.57514985
54.03499744	49.16373048
53.20111616	48.54604774
51.94086839	46.77364724
51.53427129	45.42536929
52.63894109	44.91455145
53.29086616	46.14250627
52.34500603	45.83007826
44.3083446	46.77156113
42.93738831	45.24857085
43.69359995	45.97294838
55.65875823	42.70339795
56.63864363	44.28609649
54.82023237	45.32001175
53.94716144	43.92029753
55.26667956	44.05828267
69.69520301	17.55131286
70.51723666	19.53541335
68.17349882	20.3243182
68.99047286	18.90517802
68.91643753	22.56332092
65.86712104	21.14416951
67.38440129	21.83099985
58.91080827	13.78097543
58.53791788	11.38300826
60.63598407	13.93659773
59.7140666	12.64877855
42.1624639	48.46769222
44.08752497	48.15768414
43.17211997	48.42284446
57.29603148	46.01574257
55.74708018	48.74696009
55.40541785	46.91379352
56.53173528	47.4078144
81.16751853	4.71098547
82.56661633	3.055025884
84.64554596	4.394674209
83.52159201	5.972711923
82.97579353	4.533891367
70.06790339	5.045556859
69.23519376	6.927042249
67.84632171	3.682791313
68.54193726	5.329930204
50.79522902	50.71347413
51.63715822	50.56871157
51.90809352	51.41680593
50.78819798	51.43427606
51.26557098	51.07896858
89.13054688	3.321050027
87.77485244	1.58087591
89.49695995	1.716943758
86.01563024	2.980412033
84.14353496	1.511344509
85.98326419	1.519163345
71.17215539	3.327944174
68.75777388	1.754713674
70.60862355	1.684548076
52.93243876	39.87268435
54.34502217	41.27435084
52.69412404	42.68335221
51.22480908	41.22170586
52.78203209	41.28295516
42.74398827	38.67435886
45.3915875	38.13295102
44.43504655	39.63090903
44.0072999	38.27220366
79.84769285	6.539661025
82.50135822	7.716187973
80.69040002	8.088896354
44.40870685	51.40763266
47.16490298	51.40899451
45.78302383	51.4706219
47.81010107	48.5531459
46.86569529	47.25783794
47.92345373	47.63037006
47.28680425	48.0132256
63.38688579	32.73581697
58.77539365	43.09213465
58.04360602	44.57778859
54.47396644	38.66084952
55.29962251	37.40184777
57.27755937	37.88844307
56.07728841	39.76583696
55.82835237	38.44950248
58.09830463	25.34984233
55.69114661	26.55238127
56.30958016	24.77882511
59.19403876	31.12625738
57.82913424	33.84943433
57.28904572	31.98484775
58.62297714	32.57070093
53.44034745	27.44489691
51.09121038	28.25193911
50.4537985	25.96695126
51.94590503	26.69779503
73.34937304	4.8743614
77.21201674	5.009340587
75.27764208	6.583760655
75.19896197	4.960384571
53.98695723	50.92632251
54.92816234	49.9791867
43.90635317	43.06029928
44.92460095	41.95110628
45.07598425	43.09706287
60.87425863	19.52796774
59.45057432	20.4885432
74.29248018	12.46016266
74.61268573	9.549580627
75.95263982	11.21040501
74.40373604	11.00331276
63.81699297	22.0262937
63.39185448	23.55238432
65.5015086	27.16571134
67.16685716	28.07437375
66.91091784	26.64131982
45.85154097	40.7274644
44.73353467	40.82716248
60.00567544	36.34904385
61.650999	37.26076023
61.46645547	35.98600092
53.99649664	20.3934966
52.4446833	21.24707192
63.45867246	18.16565666
64.44394494	16.56438217
64.77000694	19.27412561
64.70305953	17.96162826
46.56898747	36.6048098
48.35231499	38.04768579
46.98314248	39.44203836
46.82639985	38.06056553
62.65484109	15.11022699
64.11871569	13.25442456
65.75183194	15.10150379
64.22049843	14.99185255
74.98871106	8.094534461
56.05489409	31.46514648
65.46973833	2.415796503
67.0004094	1.929702437
93.33773752	5.069191108
90.28812135	5.228724675
91.79389796	5.292687212
51.29829033	30.33407916
49.65228215	30.77702012
48.89660772	29.09291974
50.25112727	29.59945786
59.65997188	27.68446109
59.49652627	29.49014451
60.31149769	39.98040959
57.72273424	41.30064777
59.50362741	41.5414141
71.65699946	4.890209393
48.41383961	44.72934468
49.39305617	42.3817633
49.99380672	44.12736677
48.8642587	43.60247451
64.5601077	9.677335155
65.94443271	11.8971612
64.23503434	11.43839474
45.95833585	33.42807609
47.98954173	34.97500336
46.20680242	35.04962127
63.14168067	19.87617151
64.3942428	20.59062927
61.15937912	6.907376363
58.34895855	8.721412421
59.75069112	7.81502608
61.21996647	4.403541575
60.19393138	3.053862244
77.4993905	11.37614272
82.2601594	1.536725647
96.59183669	4.409001192
98.21786103	2.727964394
98.28562551	4.076008609
94.78730656	3.237382325
94.93268844	4.745744294
41.04983654	47.35093175
41.42711263	45.43443528
41.11405065	46.3476918
57.78211577	35.92040566
55.65648153	35.72244147
56.80444707	34.88091557
61.60358075	17.12736774
62.23102275	18.68503401
63.64189763	7.054052131
63.32266758	4.543646455
62.33536899	5.761057255
71.85071271	16.62611912
68.69497331	15.70701275
70.61971769	14.69318844
70.21822436	16.1460198
54.61383525	14.75102272
54.56305491	17.76213998
53.57076682	16.30013287
59.68420229	38.00643825
61.17626316	38.54293386
49.87863757	39.59277955
48.32418097	40.82660965
49.71513464	41.02586445
48.16840302	27.09492732
48.95392672	25.42998061
65.4528726	28.95112793
64.31435131	28.04344726
53.63290535	35.41589122
51.42331861	34.59695568
52.47850803	32.70801981
52.97034313	34.10214812
59.89092954	25.82832234
72.58099381	13.64448956
74.08568567	15.54981531
74.23045968	13.96093304
64.29513557	3.37361717
66.82118282	29.43837765
50.77920715	47.49667216
49.98016733	48.24736164
49.28653549	47.42764221
50.00888103	47.42589542
41.89727427	42.84036582
41.30709287	43.97960464
40.98096836	43.09951395
56.94204666	14.30714492
59.78476979	15.60596563
58.38919412	15.19397869
69.28811945	12.6982337
67.41102471	13.85981088
67.61088745	12.28457267
51.61941939	38.24227762
49.94441319	36.48144177
49.97141333	38.08077526
79.23948456	4.896862874
65.15522128	8.083282489
47.04689683	40.72121205
70.10637346	8.458779505
85.8286153	7.035891396
84.21527761	7.370077098
87.51024406	4.416669718
86.52674836	5.504323525
86.15749014	4.312937015
51.64188436	44.17092711
50.83672937	44.80827245
45.61879374	46.99642863
44.88032125	47.61881103
52.55712182	50.57551517
51.51278981	49.63324866
52.08288087	50.02578866
47.92901527	31.94407058
50.74002973	31.84745415
49.50679503	33.35204783
49.44269093	31.99082893
61.17508404	15.45180119
42.60349669	43.8340113
42.04718649	44.63294595
51.98094256	31.40521047
96.2615028	1.497336774
94.47272339	1.668015824
55.9742719	41.24282222
41.76396406	39.54607793
54.93304005	28.08893138
67.22461464	15.34203733
56.35695763	11.42840558
57.24714951	9.945982875
49.73564621	34.86497467
71.28696891	21.6048686
70.46414939	23.15200736
47.30921425	45.92674759
46.39771764	46.3924549
48.65618963	48.12854057
49.51368027	48.84916621
48.55940825	48.78032101
55.40880222	19.36632903
51.25787618	48.59531975
50.57683634	50.00396856
50.37740427	49.18858801
50.92374525	49.36392407
58.66523739	37.05130558
42.19324237	51.17877279
43.23396915	51.2591748
41.09804921	48.40948995
72.91288099	18.60107822
73.61887119	17.09895628
46.7044347	30.25673653
46.16003909	31.82218547
54.32067359	46.49050408
48.43434626	46.70244363
48.58065472	47.46608672
42.84571592	42.89880442
48.31600389	45.78930622
52.71276528	43.90605296
53.59829536	37.35534787
53.13207701	38.51713208
51.58326102	47.72335373
50.11908483	50.87133839
50.28363722	50.47102078
49.91211939	49.03057361
88.32452888	5.986830494
87.27398693	6.653735505
72.11719559	20.09319201
70.94719699	13.18427595
49.31648202	51.24039187
50.12472646	51.39824902
54.51486549	36.46763979
55.52544559	13.06615262
88.84471154	4.793061384
47.39977175	28.69325543
41.12942497	51.28139578
48.34878302	51.27192411
52.89170846	51.39695557
98.11922415	1.368316055
61.73334608	49.83229125
65.04367203	41.56913066
73.43355957	27.90249865
31.24997654	56.16944505
41.31467942	57.93192839
78.54999436	19.93083892
49.27569194	56.78907094
86.27616946	10.8270242
68.68815413	34.46479503
84.89702945	66.96385955
94.28191983	26.21888496
93.14979561	10.22752702
65.57973974	80.93743296
38.32548074	80.25462387
88.98384543	46.27633129
87.48710773	38.9468284
80.61997023	40.49547023
80.32424916	33.83589434
95.12123635	17.80847017
88.66027785	21.32605972
79.8047	48.58935041
72.24034303	45.4871701
72.7867027	54.88052404
86.68196164	28.3444036
26.03529146	60.38529584
31.05798762	63.8019633
51.42870531	70.61129664
74.19995227	39.87911255
82.54235648	22.95194125
84.75627867	18.1084818
89.26744832	14.86861581
82.21745262	12.20188656
21.75670233	81.86780385
13.69393902	64.74550328
67.3336492	49.98229593
66.15471567	58.8458736
70.36545618	65.94485122
96.41484809	12.58273302
83.07559772	82.99780483
61.31960732	69.48031055
58.09905886	60.50542164
82.08425371	27.78168136
78.96950869	22.9942928
80.72889607	15.10664835
35.82670072	60.16860014
35.91188549	54.56873796
44.62041142	61.39778749
89.61286738	10.86528319
71.36086631	31.12190432
76.32892034	30.52781493
66.86319287	38.41821104
63.30312314	44.23893456
58.07039352	51.78991173
62.498329	46.60751611
68.0867789	43.22692686
22.56230705	68.87849472
54.07897971	55.52268019
75.1920775	24.62740694
44.92662065	56.95299519
50.65860304	62.3932969
40.84355905	68.28426532
78.12436237	26.61565792
63.38919373	53.84313383
93.45262872	13.8965504
90.38322142	30.70911505
96.55323671	9.588468362
78.05354635	61.06862311
76.05477779	36.15190113
58.73754716	55.27667028
73.84406697	33.86749173
76.65643283	21.69785715
71.57511544	36.83186938
69.92154117	39.78571091
81.74977666	18.99751454
84.78434089	14.43009308
65.42946999	45.9001757
86.26596807	33.21852773
86.90151521	56.212517
31.97551482	69.8956171
52.48493635	82.35585547
93.66050381	35.47369289
76.42191727	74.75269937
96.54254051	28.1790936
96.5426084	24.02922939
97.83578886	25.98634456
96.81570815	19.63164671
97.26761548	16.37975542
98.14583903	17.9473123
78.96125715	21.44197372
77.71254221	22.55085162
77.46391611	20.63183899
78.04165257	21.54765987
82.85141586	10.95925215
81.15294132	11.34773364
81.87478076	10.56891971
81.51626565	13.42331938
83.36283958	13.03703484
82.76598215	15.06289668
82.55850276	13.87350839
95.70899145	38.25847814
96.3164352	33.32702433
97.54057153	35.83301837
64.28231674	49.85922227
65.49112948	52.45269866
62.48134014	51.961425
64.10354005	51.35603068
42.59395093	59.96187319
43.10898517	57.1944844
45.09777795	59.09681608
43.60776668	58.75135322
79.3403508	13.868098
78.79997068	15.90536672
78.47456607	14.76389053
86.59339658	9.509954773
84.88409222	10.33477901
85.46745767	9.502674883
32.9948022	58.27737482
33.6595384	55.17347482
36.05054195	56.85712661
34.27100534	56.83936699
41.91786655	89.1338791
46.10054063	81.61376981
52.42630962	89.51749114
46.84163087	87.04810923
68.10950126	32.80956582
67.2089627	34.41424741
67.30543821	33.3326348
57.52431952	50.51078185
56.56572131	52.28638315
56.64610906	51.25757003
54.47411279	53.96141935
52.25914816	53.92057385
53.34334446	53.47760317
60.04903019	48.33887132
60.91694333	46.52591557
62.33922546	47.95895327
61.03539351	47.61665452
88.68607133	29.16787841
88.46058583	32.28588299
86.20954191	30.78822921
87.78380842	30.74884436
84.78162966	47.27135175
88.83188612	50.62451179
82.85294451	52.47203242
85.40648331	50.21741129
55.42407192	57.94536697
56.61542475	55.5178042
58.56535229	57.74707166
56.90569872	57.07661477
40.44220382	74.04009826
33.69821879	74.29623837
35.97336532	69.28077241
36.79564582	72.63953034
72.78905403	38.01603476
71.6688797	40.1830295
70.66744116	38.23871852
71.77250906	38.82835191
62.73508572	45.40518582
64.47027318	44.88038589
63.98002052	46.49942953
63.7366148	45.59067428
80.96923357	64.11425233
81.76487366	58.75607704
86.93362599	62.26330961
83.25650478	61.6149347
51.91899858	76.03771879
46.40476477	70.01491154
46.04244748	75.40409357
59.12591176	82.34154609
56.43888077	70.41557783
63.22765356	74.73846332
57.68494304	75.85978074
73.14785255	70.16931531
71.32337143	78.18995954
66.00745516	67.96662481
68.41729706	72.76692495
66.33413187	47.43248476
64.23883773	47.99350165
83.49367304	18.52527656
81.23858751	17.15998154
84.84848321	16.69910674
83.05655336	16.79418733
85.72492625	12.39133364
84.18624441	11.67701748
91.9798259	32.88890961
92.27697165	28.57571982
94.38851834	30.72566282
80.58078328	23.08974682
80.03253138	19.4391265
82.253278	20.8785905
80.4496824	21.21924868
44.39184292	54.76281135
40.53811912	55.49284303
42.48541726	54.97547839
68.06304528	62.16094509
59.70743205	64.93282659
62.54336411	60.10334703
64.03554341	63.74868131
51.63389374	56.38872597
48.40506433	54.56887649
50.45754538	54.33724758
59.70752872	50.97708695
58.754415	49.42224224
68.85030349	88.42152819
60.73897593	90.3505193
66.82412116	44.74921813
64.12893253	42.9782484
66.51231635	42.32517981
65.47891535	43.73405427
68.36619967	39.10249674
67.77591833	36.66219462
70.24426124	35.72128326
69.25742123	37.41333216
91.39419052	10.59291861
89.81371256	9.143372295
93.22281293	8.44312802
91.5206573	8.814772419
77.80027775	18.26360015
79.42541955	17.63234801
90.73770953	37.42212509
93.67080917	44.84801062
88.30460814	42.38255831
92.27047689	40.70008038
84.39658199	28.02820457
82.47736175	25.26249949
84.92413589	22.51830294
87.53021393	25.55694116
84.88515175	25.25091823
80.34724898	43.96722135
84.04533372	39.94576011
84.31984256	43.47393997
72.43930454	29.51800671
70.28346437	29.68177508
72.21896233	26.54938309
71.27826668	28.11332802
75.42741929	57.86231245
76.09434904	52.22154555
79.15498288	55.28199348
63.59585243	40.93114441
61.89477451	43.7903708
62.71499884	42.39013793
91.41535077	14.52865339
94.07274083	15.83448404
92.60789258	19.37719781
89.14973053	17.36812418
91.72929737	16.85031782
75.29031359	46.84910495
73.54172701	42.87116567
77.38696373	40.47613993
76.66098701	43.58564838
79.96951404	27.31712325
81.44774896	30.46874683
78.05248132	31.90384358
77.34843809	28.58158795
79.21559087	29.62998596
65.39409166	37.83106051
65.96410647	40.04276457
64.4954817	39.41293982
66.29818613	36.15881124
70.19975266	32.7232852
69.23050303	31.24874006
87.88157444	10.96144843
88.14771008	9.384823586
74.36433925	26.25053612
73.99182642	23.41662748
73.13093655	24.97156744
74.38823754	63.58453362
69.53105327	57.08706843
71.8335909	60.17255552
35.75716445	52.4992409
29.97036934	53.51340647
33.10991888	52.92047007
91.96421822	24.11533113
94.48168078	21.7583871
90.35116258	70.26395417
93.6376869	56.74611077
92.82782797	63.7558935
75.10417835	32.26177746
72.57492583	32.49704647
74.80161983	29.19742642
73.7282905	30.8742515
83.6457944	33.67113391
86.74768378	35.88693205
80.66114924	37.29965649
83.74899928	36.69573968
94.87204649	9.867375176
96.49577587	11.33914153
95.24739098	13.1644419
93.20797769	12.04012323
94.92741106	11.58993079
70.1864179	52.32010449
64.63899982	56.07946019
67.43725145	54.45101153
24.03077457	64.10072399
17.36462464	67.01771254
14.73679749	59.87112127
22.69891441	57.14594325
19.84238202	61.69337341
80.28174201	12.55951587
61.22630957	45.16029461
22.98325783	90.46424438
30.2743084	82.03211317
33.36095313	90.45712593
33.00566455	62.54693322
29.00436031	62.5765617
28.62100663	57.84438511
30.94151285	60.24913208
87.14873758	14.79975801
89.43172601	12.73953638
87.52122559	12.73796341
98.2582052	9.411438821
96.60908363	7.723898385
98.30134389	7.386039443
70.27787535	47.81771055
72.98223154	49.78566738
12.24694218	80.10590147
11.83439699	89.45130104
97.53722336	13.26705335
96.1008651	14.6797362
58.45411288	53.38402602
56.50858141	53.77864846
76.55832517	25.69119982
75.76190462	27.4375475
50.05432964	59.34608861
47.3949597	62.20482696
46.99089545	56.93583759
47.3802715	59.38736295
90.06864899	26.77025086
54.18444708	61.93903217
52.8944218	58.86470555
81.0742017	71.03391755
77.40706273	67.21088145
75.95867012	23.0646671
78.67596877	24.69819283
77.22072479	24.00585143
31.3423663	66.19146926
27.61686103	69.89838664
27.92771846	65.70632131
85.95893167	19.07865568
86.8051791	17.06245551
72.66790799	35.37290083
71.39650615	34.08095745
46.35836432	54.68405222
26.35064802	54.61315243
75.66681517	20.48250772
76.5939876	19.22719899
80.10995918	79.43825561
88.88923624	80.98500312
85.44363563	75.30827752
69.92924815	44.26505349
69.12407639	41.49161507
71.07835467	42.17559273
83.90022897	30.76999391
80.77266004	88.54270528
89.34432284	89.32030383
37.96183999	63.92343367
34.68348024	65.51062787
43.37212197	64.22298554
51.08679767	66.11752233
46.99397699	65.64981813
38.07694585	53.92091146
38.00344306	52.06954636
75.56113148	37.54791255
75.12109855	35.15293946
73.98317721	36.59822811
84.25148119	20.28604209
91.35592582	12.47230295
80.42248347	25.10019871
94.92266621	8.072350773
39.12433793	59.07178289
40.72223959	61.85377771
55.35376145	65.80713598
38.38300203	56.31800194
77.58696463	35.43641855
76.52729152	33.68107089
67.48258861	40.74718059
61.04256064	54.7578717
60.4406903	52.73939464
89.47470833	34.61594859
94.02723252	50.25059928
68.31755736	46.1033721
74.83432067	21.89916063
61.65606177	57.15043493
98.13241961	11.44833045
75.14458432	84.02252087
21.76668878	74.73008772
6.841083027	69.97890624
14.51567224	72.85700986
77.80313232	37.68491141
28.40616164	75.23918279
7.976149421	60.60271886
No._elements:                       1276
Max_no._nodes_on_any_one_element:   4
element_identifier; no._nodes_on_element; connectivity:
1	4	194	221	224	223
2	4	188	222	224	221
3	4	214	223	224	222
4	4	101	102	227	226
5	4	9	225	227	102
6	4	197	226	227	225
7	4	100	103	230	229
8	4	101	228	230	103
9	4	190	229	230	228
10	4	200	231	234	233
11	4	199	232	234	231
12	4	219	233	234	232
13	4	19	235	238	237
14	4	192	236	238	235
15	4	220	237	238	236
16	4	212	239	242	241
17	4	163	240	242	239
18	4	216	241	242	240
19	4	171	181	245	244
20	4	170	243	245	181
21	4	205	244	245	243
22	4	211	246	249	248
23	4	186	247	249	246
24	4	212	248	249	247
25	4	166	179	252	251
26	4	165	250	252	179
27	4	210	251	252	250
28	4	157	160	255	254
29	4	156	253	255	160
30	4	188	254	255	253
31	4	202	256	259	258
32	4	207	257	259	256
33	4	215	258	259	257
34	4	195	260	263	262
35	4	190	261	263	260
36	4	196	262	263	261
37	4	208	264	267	266
38	4	206	265	267	264
39	4	210	266	267	265
40	4	204	268	271	270
41	4	205	269	271	268
42	4	217	270	271	269
43	4	215	272	275	274
44	4	193	273	275	272
45	4	220	274	275	273
46	4	196	276	279	278
47	4	197	277	279	276
48	4	219	278	279	277
49	4	208	280	282	281
50	4	193	272	282	280
51	4	215	257	282	272
52	4	207	281	282	257
53	4	211	283	286	285
54	4	218	284	286	283
55	4	193	280	286	284
56	4	208	285	286	280
57	4	201	287	290	289
58	4	217	269	290	287
59	4	205	288	290	269
60	4	191	289	290	288
61	4	214	222	292	291
62	4	188	253	292	222
63	4	156	159	292	253
64	4	155	291	292	159
65	4	99	293	294	104
66	4	214	291	294	293
67	4	155	161	294	291
68	4	12	104	294	161
69	4	157	254	297	158
70	4	188	295	297	254
71	4	203	296	297	295
72	4	11	158	297	296
73	4	196	278	300	299
74	4	219	232	300	278
75	4	199	298	300	232
76	4	198	299	300	298
77	4	212	247	302	239
78	4	186	301	302	247
79	4	164	182	302	301
80	4	163	239	302	182
81	4	167	303	306	175
82	4	206	304	306	303
83	4	187	305	306	304
84	4	168	175	306	305
85	4	191	288	308	307
86	4	205	243	308	288
87	4	170	183	308	243
88	4	169	307	308	183
89	4	171	244	310	176
90	4	205	268	310	244
91	4	204	309	310	268
92	4	172	176	310	309
93	4	166	251	311	174
94	4	210	265	311	251
95	4	206	303	311	265
96	4	167	174	311	303
97	4	212	312	315	248
98	4	213	313	315	312
99	4	198	314	315	313
100	4	211	248	315	314
101	4	172	309	317	177
102	4	204	316	317	309
103	4	22	23	317	316
104	4	10	177	317	23
105	4	19	237	320	24
106	4	220	318	320	237
107	4	189	319	320	318
108	4	18	24	320	319
109	4	215	274	322	258
110	4	220	236	322	274
111	4	192	321	322	236
112	4	202	258	322	321
113	4	190	260	325	229
114	4	195	323	325	260
115	4	194	324	325	323
116	4	100	229	325	324
117	4	186	246	327	326
118	4	211	285	327	246
119	4	208	266	327	285
120	4	210	326	327	266
121	4	11	296	330	180
122	4	203	328	330	296
123	4	185	329	330	328
124	4	162	180	330	329
125	4	202	321	333	332
126	4	192	331	333	321
127	4	201	289	333	331
128	4	191	332	333	289
129	4	203	334	337	328
130	4	195	335	337	334
131	4	213	336	337	335
132	4	185	328	337	336
133	4	186	326	338	301
134	4	210	250	338	326
135	4	165	184	338	250
136	4	164	301	338	184
137	4	201	339	341	287
138	4	20	25	341	339
139	4	21	340	341	25
140	4	217	287	341	340
141	4	204	270	342	316
142	4	217	340	342	270
143	4	21	26	342	340
144	4	22	316	342	26
145	4	99	105	343	293
146	4	100	324	343	105
147	4	194	223	343	324
148	4	214	293	343	223
149	4	199	231	347	346
150	4	200	344	347	231
151	4	189	345	347	344
152	4	218	346	347	345
153	4	162	329	349	173
154	4	185	348	349	329
155	4	216	240	349	348
156	4	163	173	349	240
157	4	197	276	350	226
158	4	196	261	350	276
159	4	190	228	350	261
160	4	101	226	350	228
161	4	187	351	354	353
162	4	207	256	354	351
163	4	202	352	354	256
164	4	209	353	354	352
165	4	168	305	356	178
166	4	187	353	356	305
167	4	209	355	356	353
168	4	169	178	356	355
169	4	195	262	357	335
170	4	196	299	357	262
171	4	198	313	357	299
172	4	213	335	357	313
173	4	193	284	358	273
174	4	218	345	358	284
175	4	189	318	358	345
176	4	220	273	358	318
177	4	207	351	359	281
178	4	187	304	359	351
179	4	206	264	359	304
180	4	208	281	359	264
181	4	192	235	360	331
182	4	19	27	360	235
183	4	20	339	360	27
184	4	201	331	360	339
185	4	18	319	362	28
186	4	189	344	362	319
187	4	200	361	362	344
188	4	1	28	362	361
189	4	218	283	363	346
190	4	211	314	363	283
191	4	198	298	363	314
192	4	199	346	363	298
193	4	200	233	365	361
194	4	219	364	365	233
195	4	106	107	365	364
196	4	1	361	365	107
197	4	106	364	366	108
198	4	219	277	366	364
199	4	197	225	366	277
200	4	9	108	366	225
201	4	194	323	367	221
202	4	195	334	367	323
203	4	203	295	367	334
204	4	188	221	367	295
205	4	213	312	368	336
206	4	212	241	368	312
207	4	216	348	368	241
208	4	185	336	368	348
209	4	191	307	369	332
210	4	169	355	369	307
211	4	209	352	369	355
212	4	202	332	369	352
213	4	420	488	491	490
214	4	419	489	491	488
215	4	437	490	491	489
216	4	92	95	494	493
217	4	93	492	494	95
218	4	434	493	494	492
219	4	430	495	498	497
220	4	36	496	498	495
221	4	447	497	498	496
222	4	433	499	502	501
223	4	373	500	502	499
224	4	470	501	502	500
225	4	162	173	505	504
226	4	163	503	505	173
227	4	396	504	505	503
228	4	424	506	509	508
229	4	423	507	509	506
230	4	431	508	509	507
231	4	166	174	512	511
232	4	167	510	512	174
233	4	377	511	512	510
234	4	409	513	516	515
235	4	408	514	516	513
236	4	410	515	516	514
237	4	167	175	519	518
238	4	168	517	519	175
239	4	438	518	519	517
240	4	125	134	522	521
241	4	124	520	522	134
242	4	373	521	522	520
243	4	122	137	525	524
244	4	121	523	525	137
245	4	374	524	525	523
246	4	413	526	529	528
247	4	411	527	529	526
248	4	414	528	529	527
249	4	416	530	533	532
250	4	417	531	533	530
251	4	418	532	533	531
252	4	171	176	536	535
253	4	172	534	536	176
254	4	383	535	536	534
255	4	427	537	540	539
256	4	440	538	540	537
257	4	472	539	540	538
258	4	385	541	544	543
259	4	386	542	544	541
260	4	389	543	544	542
261	4	129	130	547	546
262	4	128	545	547	130
263	4	448	546	547	545
264	4	10	38	550	549
265	4	29	548	550	38
266	4	453	549	550	548
267	4	401	551	554	553
268	4	405	552	554	551
269	4	425	553	554	552
270	4	390	555	558	557
271	4	428	556	558	555
272	4	456	557	558	556
273	4	123	131	561	560
274	4	122	559	561	131
275	4	452	560	561	559
276	4	17	562	565	564
277	4	381	563	565	562
278	4	384	564	565	563
279	4	459	566	569	568
280	4	404	567	569	566
281	4	482	568	569	567
282	4	436	570	573	572
283	4	377	571	573	570
284	4	468	572	573	571
285	4	415	574	577	576
286	4	416	575	577	574
287	4	470	576	577	575
288	4	411	578	581	580
289	4	408	579	581	578
290	4	464	580	581	579
291	4	390	582	585	584
292	4	386	583	585	582
293	4	481	584	585	583
294	4	157	158	588	587
295	4	11	586	588	158
296	4	462	587	588	586
297	4	380	589	592	591
298	4	456	590	592	589
299	4	461	591	592	590
300	4	462	593	596	595
301	4	382	594	596	593
302	4	485	595	596	594
303	4	446	597	600	599
304	4	405	598	600	597
305	4	479	599	600	598
306	4	419	601	604	603
307	4	417	602	604	601
308	4	468	603	604	602
309	4	374	605	608	607
310	4	467	606	608	605
311	4	487	607	608	606
312	4	445	609	612	611
313	4	387	610	612	609
314	4	478	611	612	610
315	4	415	613	616	615
316	4	452	614	616	613
317	4	487	615	616	614
318	4	110	114	619	618
319	4	14	617	619	114
320	4	484	618	619	617
321	4	112	115	622	621
322	4	111	620	622	115
323	4	471	621	622	620
324	4	450	623	626	625
325	4	32	39	626	623
326	4	33	624	626	39
327	4	451	625	626	624
328	4	449	627	629	628
329	4	31	40	629	627
330	4	32	623	629	40
331	4	450	628	629	623
332	4	391	630	634	633
333	4	394	631	634	630
334	4	441	632	634	631
335	4	392	633	634	632
336	4	441	635	639	638
337	4	482	636	639	635
338	4	406	637	639	636
339	4	475	638	639	637
340	4	446	599	642	641
341	4	479	640	642	599
342	4	387	609	642	640
343	4	445	641	642	609
344	4	455	643	647	646
345	4	370	644	647	643
346	4	476	645	647	644
347	4	475	646	647	645
348	4	431	648	651	508
349	4	480	649	651	648
350	4	458	650	651	649
351	4	424	508	651	650
352	4	424	650	654	653
353	4	458	652	654	650
354	4	373	499	654	652
355	4	433	653	654	499
356	4	465	655	658	657
357	4	376	656	658	655
358	4	440	537	658	656
359	4	427	657	658	537
360	4	94	659	661	96
361	4	478	610	661	659
362	4	387	660	661	610
363	4	93	96	661	660
364	4	476	662	665	664
365	4	118	133	665	662
366	4	117	663	665	133
367	4	392	664	665	663
368	4	466	666	670	669
369	4	451	667	670	666
370	4	473	668	670	667
371	4	388	669	670	668
372	4	463	671	674	673
373	4	389	672	674	671
374	4	456	589	674	672
375	4	380	673	674	589
376	4	395	675	679	678
377	4	393	676	679	675
378	4	469	677	679	676
379	4	112	678	679	677
380	4	430	680	682	495
381	4	442	681	682	680
382	4	35	41	682	681
383	4	36	495	682	41
384	4	442	683	685	681
385	4	473	684	685	683
386	4	34	42	685	684
387	4	35	681	685	42
388	4	31	627	688	43
389	4	449	686	688	627
390	4	463	687	688	686
391	4	30	43	688	687
392	4	403	689	693	692
393	4	454	690	693	689
394	4	455	691	693	690
395	4	402	692	693	691
396	4	382	694	697	696
397	4	162	504	697	694
398	4	396	695	697	504
399	4	397	696	697	695
400	4	17	564	700	149
401	4	384	698	700	564
402	4	466	699	700	698
403	4	144	149	700	699
404	4	111	116	703	702
405	4	110	701	703	116
406	4	84	86	703	701
407	4	85	702	703	86
408	4	371	704	707	706
409	4	92	493	707	704
410	4	434	705	707	493
411	4	443	706	707	705
412	4	374	607	708	524
413	4	487	614	708	607
414	4	452	559	708	614
415	4	122	524	708	559
416	4	118	662	710	141
417	4	476	644	710	662
418	4	370	709	710	644
419	4	119	141	710	709
420	4	454	711	715	714
421	4	474	712	715	711
422	4	412	713	715	712
423	4	432	714	715	713
424	4	436	572	718	717
425	4	468	602	718	572
426	4	417	716	718	602
427	4	414	717	718	716
428	4	413	719	722	721
429	4	487	606	722	719
430	4	467	720	722	606
431	4	410	721	722	720
432	4	436	723	726	570
433	4	464	724	726	723
434	4	435	725	726	724
435	4	377	570	726	725
436	4	385	727	730	729
437	4	449	628	730	727
438	4	450	728	730	628
439	4	384	729	730	728
440	4	117	132	732	663
441	4	15	731	732	132
442	4	391	633	732	731
443	4	392	663	732	633
444	4	446	733	735	597
445	4	485	734	735	733
446	4	425	552	735	734
447	4	405	597	735	552
448	4	418	531	737	736
449	4	417	601	737	531
450	4	419	488	737	601
451	4	420	736	737	488
452	4	448	738	741	740
453	4	481	583	741	738
454	4	386	739	741	583
455	4	381	740	741	739
456	4	433	501	743	742
457	4	470	575	743	501
458	4	416	532	743	575
459	4	418	742	743	532
460	4	439	744	746	745
461	4	470	500	746	744
462	4	373	520	746	500
463	4	124	745	746	520
464	4	425	734	748	747
465	4	485	594	748	734
466	4	382	696	748	594
467	4	397	747	748	696
468	4	444	749	751	750
469	4	467	605	751	749
470	4	374	523	751	605
471	4	121	750	751	523
472	4	438	752	753	518
473	4	468	571	753	752
474	4	377	510	753	571
475	4	167	518	753	510
476	4	421	754	757	756
477	4	422	755	757	754
478	4	423	506	757	755
479	4	424	756	757	506
480	4	397	695	761	760
481	4	396	758	761	695
482	4	398	759	761	758
483	4	400	760	761	759
484	4	422	762	765	755
485	4	427	763	765	762
486	4	426	764	765	763
487	4	423	755	765	764
488	4	385	729	766	541
489	4	384	563	766	729
490	4	381	739	766	563
491	4	386	541	766	739
492	4	410	514	767	721
493	4	408	578	767	514
494	4	411	526	767	578
495	4	413	721	767	526
496	4	30	687	769	44
497	4	463	673	769	687
498	4	380	768	769	673
499	4	29	44	769	768
500	4	430	497	772	771
501	4	447	770	772	497
502	4	147	151	772	770
503	4	146	771	772	151
504	4	435	724	776	775
505	4	464	773	776	724
506	4	407	774	776	773
507	4	483	775	776	774
508	4	415	615	778	777
509	4	487	719	778	615
510	4	413	528	778	719
511	4	414	777	778	528
512	4	432	779	781	780
513	4	120	135	781	779
514	4	119	709	781	135
515	4	370	780	781	709
516	4	389	671	782	543
517	4	463	686	782	671
518	4	449	727	782	686
519	4	385	543	782	727
520	4	404	783	786	785
521	4	405	551	786	783
522	4	401	784	786	551
523	4	402	785	786	784
524	4	427	539	789	763
525	4	472	787	789	539
526	4	428	788	789	787
527	4	426	763	789	788
528	4	396	503	792	758
529	4	163	790	792	503
530	4	378	791	792	790
531	4	398	758	792	791
532	4	421	756	794	793
533	4	424	653	794	756
534	4	433	742	794	653
535	4	418	793	794	742
536	4	383	795	797	535
537	4	472	538	797	795
538	4	440	796	797	538
539	4	171	535	797	796
540	4	453	798	799	549
541	4	383	534	799	798
542	4	172	177	799	534
543	4	10	549	799	177
544	4	129	546	800	140
545	4	448	740	800	546
546	4	381	562	800	740
547	4	17	140	800	562
548	4	33	45	801	624
549	4	34	684	801	45
550	4	473	667	801	684
551	4	451	624	801	667
552	4	16	153	804	49
553	4	148	802	804	153
554	4	460	803	804	802
555	4	48	49	804	803
556	4	447	805	806	770
557	4	460	802	806	805
558	4	148	154	806	802
559	4	147	770	806	154
560	4	445	611	809	808
561	4	478	807	809	611
562	4	155	159	809	807
563	4	156	808	809	159
564	4	410	720	812	515
565	4	467	810	812	720
566	4	412	811	812	810
567	4	409	515	812	811
568	4	420	813	814	736
569	4	422	754	814	813
570	4	421	793	814	754
571	4	418	736	814	793
572	4	461	815	817	816
573	4	472	795	817	815
574	4	383	798	817	795
575	4	453	816	817	798
576	4	372	818	821	820
577	4	480	648	821	818
578	4	431	819	821	648
579	4	429	820	821	819
580	4	168	178	824	517
581	4	169	822	824	178
582	4	437	823	824	822
583	4	438	517	824	823
584	4	444	750	826	825
585	4	121	136	826	750
586	4	120	779	826	136
587	4	432	825	826	779
588	4	400	827	829	828
589	4	403	692	829	827
590	4	402	784	829	692
591	4	401	828	829	784
592	4	435	830	831	725
593	4	165	179	831	830
594	4	166	511	831	179
595	4	377	725	831	511
596	4	415	576	833	613
597	4	470	744	833	576
598	4	439	832	833	744
599	4	452	613	833	832
600	4	409	834	837	513
601	4	457	835	837	834
602	4	399	836	837	835
603	4	408	513	837	836
604	4	414	716	838	777
605	4	417	530	838	716
606	4	416	574	838	530
607	4	415	777	838	574
608	4	372	839	841	840
609	4	481	738	841	839
610	4	448	545	841	738
611	4	128	840	841	545
612	4	380	591	842	768
613	4	461	816	842	591
614	4	453	548	842	816
615	4	29	768	842	548
616	4	123	560	843	138
617	4	452	832	843	560
618	4	439	745	843	832
619	4	124	138	843	745
620	4	459	568	847	846
621	4	482	844	847	568
622	4	375	845	847	844
623	4	477	846	847	845
624	4	157	587	850	160
625	4	462	848	850	587
626	4	379	849	850	848
627	4	156	160	850	849
628	4	437	851	853	490
629	4	376	655	853	851
630	4	465	852	853	655
631	4	420	490	853	852
632	4	426	788	856	855
633	4	428	555	856	788
634	4	390	854	856	555
635	4	429	855	856	854
636	4	457	857	859	858
637	4	403	827	859	857
638	4	400	759	859	827
639	4	398	858	859	759
640	4	451	666	860	625
641	4	466	698	860	666
642	4	384	728	860	698
643	4	450	625	860	728
644	4	428	787	861	556
645	4	472	815	861	787
646	4	461	590	861	815
647	4	456	556	861	590
648	4	401	553	862	828
649	4	425	747	862	553
650	4	397	760	862	747
651	4	400	828	862	760
652	4	390	557	863	582
653	4	456	672	863	557
654	4	389	542	863	672
655	4	386	582	863	542
656	4	144	699	865	150
657	4	466	669	865	699
658	4	388	864	865	669
659	4	145	150	865	864
660	4	442	866	868	683
661	4	486	867	868	866
662	4	388	668	868	867
663	4	473	683	868	668
664	4	406	636	870	869
665	4	482	567	870	636
666	4	404	785	870	567
667	4	402	869	870	785
668	4	387	640	872	660
669	4	479	871	872	640
670	4	434	492	872	871
671	4	93	660	872	492
672	4	391	873	875	630
673	4	469	676	875	873
674	4	393	874	875	676
675	4	394	630	875	874
676	4	378	876	879	878
677	4	483	774	879	876
678	4	407	877	879	774
679	4	399	878	879	877
680	4	422	813	880	762
681	4	420	852	880	813
682	4	465	657	880	852
683	4	427	762	880	657
684	4	379	881	882	849
685	4	446	641	882	881
686	4	445	808	882	641
687	4	156	849	882	808
688	4	407	773	883	877
689	4	464	579	883	773
690	4	408	836	883	579
691	4	399	877	883	836
692	4	37	884	885	46
693	4	460	805	885	884
694	4	447	496	885	805
695	4	36	46	885	496
696	4	370	643	886	780
697	4	455	690	886	643
698	4	454	714	886	690
699	4	432	780	886	714
700	4	382	593	887	694
701	4	462	586	887	593
702	4	11	180	887	586
703	4	162	694	887	180
704	4	411	580	888	527
705	4	464	723	888	580
706	4	436	717	888	723
707	4	414	527	888	717
708	4	423	764	889	507
709	4	426	855	889	764
710	4	429	819	889	855
711	4	431	507	889	819
712	4	170	181	891	890
713	4	171	796	891	181
714	4	440	656	891	796
715	4	376	890	891	656
716	4	399	835	892	878
717	4	457	858	892	835
718	4	398	791	892	858
719	4	378	878	892	791
720	4	458	893	894	652
721	4	126	139	894	893
722	4	125	521	894	139
723	4	373	652	894	521
724	4	479	598	896	871
725	4	405	895	896	598
726	4	443	705	896	895
727	4	434	871	896	705
728	4	8	97	899	898
729	4	92	704	899	97
730	4	371	897	899	704
731	4	477	898	899	897
732	4	419	603	900	489
733	4	468	752	900	603
734	4	438	823	900	752
735	4	437	489	900	823
736	4	375	901	904	903
737	4	394	874	904	901
738	4	393	902	904	874
739	4	7	903	904	902
740	4	412	810	905	713
741	4	467	749	905	810
742	4	444	825	905	749
743	4	432	713	905	825
744	4	83	87	907	906
745	4	84	701	907	87
746	4	110	618	907	701
747	4	484	906	907	618
748	4	12	161	908	98
749	4	155	807	908	161
750	4	478	659	908	807
751	4	94	98	908	659
752	4	127	909	910	142
753	4	480	818	910	909
754	4	372	840	910	818
755	4	128	142	910	840
756	4	164	911	912	182
757	4	483	876	912	911
758	4	378	790	912	876
759	4	163	182	912	790
760	4	475	645	913	638
761	4	476	664	913	645
762	4	392	632	913	664
763	4	441	638	913	632
764	4	371	706	915	897
765	4	443	914	915	706
766	4	459	846	915	914
767	4	477	897	915	846
768	4	379	848	916	881
769	4	462	595	916	848
770	4	485	733	916	595
771	4	446	881	916	733
772	4	404	566	917	783
773	4	459	914	917	566
774	4	443	895	917	914
775	4	405	783	917	895
776	4	455	646	918	691
777	4	475	637	918	646
778	4	406	869	918	637
779	4	402	691	918	869
780	4	474	711	920	919
781	4	454	689	920	711
782	4	403	857	920	689
783	4	457	919	920	857
784	4	375	844	921	901
785	4	482	635	921	844
786	4	441	631	921	635
787	4	394	901	921	631
788	4	395	922	923	675
789	4	6	90	923	922
790	4	7	902	923	90
791	4	393	675	923	902
792	4	8	898	924	91
793	4	477	845	924	898
794	4	375	903	924	845
795	4	7	91	924	903
796	4	486	925	926	867
797	4	146	152	926	925
798	4	145	864	926	152
799	4	388	867	926	864
800	4	480	909	927	649
801	4	127	143	927	909
802	4	126	893	927	143
803	4	458	649	927	893
804	4	481	839	928	584
805	4	372	820	928	839
806	4	429	854	928	820
807	4	390	584	928	854
808	4	395	678	930	922
809	4	112	621	930	678
810	4	471	929	930	621
811	4	6	922	930	929
812	4	474	919	931	712
813	4	457	834	931	919
814	4	409	811	931	834
815	4	412	712	931	811
816	4	169	183	932	822
817	4	170	890	932	183
818	4	376	851	932	890
819	4	437	822	932	851
820	4	430	771	933	680
821	4	146	925	933	771
822	4	486	866	933	925
823	4	442	680	933	866
824	4	483	911	934	775
825	4	164	184	934	911
826	4	165	830	934	184
827	4	435	775	934	830
828	4	484	617	935	906
829	4	14	109	935	617
830	4	13	88	935	109
831	4	83	906	935	88
832	4	85	89	936	702
833	4	6	929	936	89
834	4	471	620	936	929
835	4	111	702	936	620
836	4	15	113	937	731
837	4	112	677	937	113
838	4	469	873	937	677
839	4	391	731	937	873
840	4	460	884	938	803
841	4	37	47	938	884
842	4	2	50	938	47
843	4	48	803	938	50
844	4	53	58	1023	1022
845	4	54	1021	1023	58
846	4	949	1022	1023	1021
847	4	52	59	1026	1025
848	4	53	1024	1026	59
849	4	957	1025	1026	1024
850	4	944	1027	1030	1029
851	4	981	1028	1030	1027
852	4	1009	1029	1030	1028
853	4	17	149	1033	1032
854	4	144	1031	1033	149
855	4	970	1032	1033	1031
856	4	982	1034	1037	1036
857	4	970	1035	1037	1034
858	4	1013	1036	1037	1035
859	4	54	60	1040	1039
860	4	55	1038	1040	60
861	4	1019	1039	1040	1038
862	4	939	1041	1044	1043
863	4	973	1042	1044	1041
864	4	1001	1043	1044	1042
865	4	985	1045	1048	1047
866	4	943	1046	1048	1045
867	4	997	1047	1048	1046
868	4	128	130	1051	1050
869	4	129	1049	1051	130
870	4	982	1050	1051	1049
871	4	144	150	1054	1053
872	4	145	1052	1054	150
873	4	946	1053	1054	1052
874	4	983	1055	1058	1057
875	4	942	1056	1058	1055
876	4	984	1057	1058	1056
877	4	67	1059	1062	1061
878	4	952	1060	1062	1059
879	4	1018	1061	1062	1060
880	4	122	131	1065	1064
881	4	123	1063	1065	131
882	4	947	1064	1065	1063
883	4	15	132	1068	1067
884	4	117	1066	1068	132
885	4	991	1067	1068	1066
886	4	112	113	1071	1070
887	4	15	1069	1071	113
888	4	995	1070	1071	1069
889	4	939	1072	1075	1074
890	4	118	1073	1075	1072
891	4	992	1074	1075	1073
892	4	962	1076	1079	1078
893	4	1003	1077	1079	1076
894	4	1015	1078	1079	1077
895	4	959	1080	1083	1082
896	4	953	1081	1083	1080
897	4	1016	1082	1083	1081
898	4	979	1084	1087	1086
899	4	995	1085	1087	1084
900	4	1007	1086	1087	1085
901	4	999	1088	1091	1090
902	4	952	1089	1091	1088
903	4	1017	1090	1091	1089
904	4	1010	1092	1095	1094
905	4	966	1093	1095	1092
906	4	1011	1094	1095	1093
907	4	992	1096	1099	1098
908	4	990	1097	1099	1096
909	4	1014	1098	1099	1097
910	4	948	1100	1103	1102
911	4	1005	1101	1103	1100
912	4	1016	1102	1103	1101
913	4	965	1104	1106	1105
914	4	1018	1060	1106	1104
915	4	952	1088	1106	1060
916	4	999	1105	1106	1088
917	4	951	1107	1110	1109
918	4	1018	1104	1110	1107
919	4	965	1108	1110	1104
920	4	978	1109	1110	1108
921	4	975	1111	1114	1113
922	4	1020	1112	1114	1111
923	4	951	1109	1114	1112
924	4	978	1113	1114	1109
925	4	992	1098	1116	1074
926	4	1014	1115	1116	1098
927	4	973	1041	1116	1115
928	4	939	1074	1116	1041
929	4	968	1117	1120	1119
930	4	1012	1118	1120	1117
931	4	982	1036	1120	1118
932	4	1013	1119	1120	1036
933	4	946	1121	1122	1053
934	4	1013	1035	1122	1121
935	4	970	1031	1122	1035
936	4	144	1053	1122	1031
937	4	54	1039	1125	1021
938	4	1019	1123	1125	1039
939	4	1003	1124	1125	1123
940	4	949	1021	1125	1124
941	4	967	1126	1129	1128
942	4	981	1027	1129	1126
943	4	944	1127	1129	1027
944	4	1012	1128	1129	1127
945	4	110	1130	1132	114
946	4	997	1046	1132	1130
947	4	943	1131	1132	1046
948	4	14	114	1132	1131
949	4	974	1133	1136	1135
950	4	975	1113	1136	1133
951	4	978	1134	1136	1113
952	4	979	1135	1136	1134
953	4	112	1070	1139	115
954	4	995	1137	1139	1070
955	4	945	1138	1139	1137
956	4	111	115	1139	1138
957	4	939	1140	1141	1072
958	4	991	1066	1141	1140
959	4	117	133	1141	1066
960	4	118	1072	1141	133
961	4	951	1142	1143	1107
962	4	66	69	1143	1142
963	4	67	1061	1143	69
964	4	1018	1107	1143	1061
965	4	993	1144	1147	1146
966	4	1014	1097	1147	1144
967	4	990	1145	1147	1097
968	4	940	1146	1147	1145
969	4	1010	1094	1151	1150
970	4	1011	1148	1151	1094
971	4	989	1149	1151	1148
972	4	947	1150	1151	1149
973	4	950	1152	1155	1154
974	4	986	1153	1155	1152
975	4	146	151	1155	1153
976	4	147	1154	1155	151
977	4	982	1118	1157	1050
978	4	1012	1127	1157	1118
979	4	944	1156	1157	1127
980	4	128	1050	1157	1156
981	4	954	1158	1161	1160
982	4	1019	1038	1161	1158
983	4	55	1159	1161	1038
984	4	953	1160	1161	1159
985	4	962	1162	1166	1165
986	4	980	1163	1166	1162
987	4	967	1164	1166	1163
988	4	958	1165	1166	1164
989	4	953	1080	1169	1160
990	4	959	1167	1169	1080
991	4	955	1168	1169	1167
992	4	954	1160	1169	1168
993	4	941	1170	1173	1172
994	4	987	1171	1173	1170
995	4	124	134	1173	1171
996	4	125	1172	1173	134
997	4	959	1082	1176	1175
998	4	1016	1101	1176	1082
999	4	1005	1174	1176	1101
1000	4	961	1175	1176	1174
1001	4	120	1177	1179	135
1002	4	940	1145	1179	1177
1003	4	990	1178	1179	1145
1004	4	119	135	1179	1178
1005	4	969	1180	1184	1183
1006	4	1002	1181	1184	1180
1007	4	957	1182	1184	1181
1008	4	958	1183	1184	1182
1009	4	955	1167	1188	1187
1010	4	959	1185	1188	1167
1011	4	960	1186	1188	1185
1012	4	966	1187	1188	1186
1013	4	1000	1189	1193	1192
1014	4	980	1190	1193	1189
1015	4	956	1191	1193	1190
1016	4	988	1192	1193	1191
1017	4	121	1194	1196	136
1018	4	989	1195	1196	1194
1019	4	940	1177	1196	1195
1020	4	120	136	1196	1177
1021	4	122	1064	1197	137
1022	4	947	1149	1197	1064
1023	4	989	1194	1197	1149
1024	4	121	137	1197	1194
1025	4	987	1198	1199	1171
1026	4	947	1063	1199	1198
1027	4	123	138	1199	1063
1028	4	124	1171	1199	138
1029	4	986	1200	1201	1153
1030	4	946	1052	1201	1200
1031	4	145	152	1201	1052
1032	4	146	1153	1201	152
1033	4	996	1202	1204	1203
1034	4	941	1172	1204	1202
1035	4	125	139	1204	1172
1036	4	126	1203	1204	139
1037	4	961	1174	1207	1206
1038	4	1005	1205	1207	1174
1039	4	975	1133	1207	1205
1040	4	974	1206	1207	1133
1041	4	78	1208	1210	79
1042	4	984	1056	1210	1208
1043	4	942	1209	1210	1056
1044	4	77	79	1210	1209
1045	4	957	1024	1212	1182
1046	4	53	1022	1212	1024
1047	4	949	1211	1212	1022
1048	4	958	1182	1212	1211
1049	4	56	61	1215	1214
1050	4	57	1213	1215	61
1051	4	948	1102	1215	1213
1052	4	1016	1214	1215	1102
1053	4	988	1216	1219	1218
1054	4	1008	1217	1219	1216
1055	4	987	1170	1219	1217
1056	4	941	1218	1219	1170
1057	4	956	1220	1223	1222
1058	4	1015	1221	1223	1220
1059	4	954	1168	1223	1221
1060	4	955	1222	1223	1168
1061	4	950	1224	1228	1227
1062	4	1004	1225	1228	1224
1063	4	976	1226	1228	1225
1064	4	1002	1227	1228	1226
1065	4	973	1229	1231	1042
1066	4	961	1206	1231	1229
1067	4	974	1230	1231	1206
1068	4	1001	1042	1231	1230
1069	4	963	1232	1236	1235
1070	4	994	1233	1236	1232
1071	4	972	1234	1236	1233
1072	4	76	1235	1236	1234
1073	4	970	1034	1237	1032
1074	4	982	1049	1237	1034
1075	4	129	140	1237	1049
1076	4	17	1032	1237	140
1077	4	119	1178	1238	141
1078	4	990	1096	1238	1178
1079	4	992	1073	1238	1096
1080	4	118	141	1238	1073
1081	4	68	1239	1241	70
1082	4	971	1240	1241	1239
1083	4	952	1059	1241	1240
1084	4	67	70	1241	1059
1085	4	942	1055	1245	1244
1086	4	983	1242	1245	1055
1087	4	964	1243	1245	1242
1088	4	963	1244	1245	1243
1089	4	969	1246	1248	1247
1090	4	1013	1121	1248	1246
1091	4	946	1200	1248	1121
1092	4	986	1247	1248	1200
1093	4	51	1249	1251	62
1094	4	1004	1250	1251	1249
1095	4	148	153	1251	1250
1096	4	16	62	1251	153
1097	4	961	1229	1253	1175
1098	4	973	1252	1253	1229
1099	4	960	1185	1253	1252
1100	4	959	1175	1253	1185
1101	4	971	1239	1255	1254
1102	4	68	71	1255	1239
1103	4	4	74	1255	71
1104	4	73	1254	1255	74
1105	4	957	1181	1257	1025
1106	4	1002	1226	1257	1181
1107	4	976	1256	1257	1226
1108	4	52	1025	1257	1256
1109	4	1007	1085	1259	1258
1110	4	995	1069	1259	1085
1111	4	15	1067	1259	1069
1112	4	991	1258	1259	1067
1113	4	1000	1192	1261	1260
1114	4	988	1218	1261	1192
1115	4	941	1202	1261	1218
1116	4	996	1260	1261	1202
1117	4	945	1262	1265	1264
1118	4	998	1263	1265	1262
1119	4	985	1047	1265	1263
1120	4	997	1264	1265	1047
1121	4	949	1124	1266	1211
1122	4	1003	1076	1266	1124
1123	4	962	1165	1266	1076
1124	4	958	1211	1266	1165
1125	4	995	1084	1268	1137
1126	4	979	1267	1268	1084
1127	4	998	1262	1268	1267
1128	4	945	1137	1268	1262
1129	4	1005	1100	1270	1205
1130	4	948	1269	1270	1100
1131	4	1020	1111	1270	1269
1132	4	975	1205	1270	1111
1133	4	996	1271	1273	1260
1134	4	1009	1028	1273	1271
1135	4	981	1272	1273	1028
1136	4	1000	1260	1273	1272
1137	4	964	1274	1276	1243
1138	4	1017	1275	1276	1274
1139	4	994	1232	1276	1275
1140	4	963	1243	1276	1232
1141	4	968	1119	1278	1277
1142	4	1013	1246	1278	1119
1143	4	969	1183	1278	1246
1144	4	958	1277	1278	1183
1145	4	1008	1279	1280	1217
1146	4	1010	1150	1280	1279
1147	4	947	1198	1280	1150
1148	4	987	1217	1280	1198
1149	4	111	1138	1281	116
1150	4	945	1264	1281	1138
1151	4	997	1130	1281	1264
1152	4	110	116	1281	1130
1153	4	963	1235	1282	1244
1154	4	76	80	1282	1235
1155	4	77	1209	1282	80
1156	4	942	1244	1282	1209
1157	4	944	1029	1284	1156
1158	4	1009	1283	1284	1029
1159	4	127	142	1284	1283
1160	4	128	1156	1284	142
1161	4	977	1285	1287	1286
1162	4	1020	1269	1287	1285
1163	4	948	1213	1287	1269
1164	4	57	1286	1287	1213
1165	4	966	1186	1290	1093
1166	4	960	1288	1290	1186
1167	4	993	1289	1290	1288
1168	4	1011	1093	1290	1289
1169	4	1015	1220	1291	1078
1170	4	956	1190	1291	1220
1171	4	980	1162	1291	1190
1172	4	962	1078	1291	1162
1173	4	3	72	1293	63
1174	4	66	1292	1293	72
1175	4	977	1286	1293	1292
1176	4	57	63	1293	1286
1177	4	999	1090	1295	1294
1178	4	1017	1274	1295	1090
1179	4	964	1242	1295	1274
1180	4	983	1294	1295	1242
1181	4	965	1105	1298	1297
1182	4	999	1296	1298	1105
1183	4	985	1263	1298	1296
1184	4	998	1297	1298	1263
1185	4	78	81	1300	1208
1186	4	13	109	1300	81
1187	4	14	1299	1300	109
1188	4	984	1208	1300	1299
1189	4	1006	1301	1303	1302
1190	4	966	1092	1303	1301
1191	4	1010	1279	1303	1092
1192	4	1008	1302	1303	1279
1193	4	967	1128	1304	1164
1194	4	1012	1117	1304	1128
1195	4	968	1277	1304	1117
1196	4	958	1164	1304	1277
1197	4	986	1152	1305	1247
1198	4	950	1227	1305	1152
1199	4	1002	1180	1305	1227
1200	4	969	1247	1305	1180
1201	4	980	1189	1306	1163
1202	4	1000	1272	1306	1189
1203	4	981	1126	1306	1272
1204	4	967	1163	1306	1126
1205	4	1004	1224	1307	1250
1206	4	950	1154	1307	1224
1207	4	147	154	1307	1154
1208	4	148	1250	1307	154
1209	4	985	1296	1309	1045
1210	4	999	1294	1309	1296
1211	4	983	1308	1309	1294
1212	4	943	1045	1309	1308
1213	4	979	1134	1310	1267
1214	4	978	1108	1310	1134
1215	4	965	1297	1310	1108
1216	4	998	1267	1310	1297
1217	4	943	1308	1311	1131
1218	4	983	1057	1311	1308
1219	4	984	1299	1311	1057
1220	4	14	1131	1311	1299
1221	4	1006	1302	1313	1312
1222	4	1008	1216	1313	1302
1223	4	988	1191	1313	1216
1224	4	956	1312	1313	1191
1225	4	1011	1289	1314	1148
1226	4	993	1146	1314	1289
1227	4	940	1195	1314	1146
1228	4	989	1148	1314	1195
1229	4	991	1140	1316	1258
1230	4	939	1043	1316	1140
1231	4	1001	1315	1316	1043
1232	4	1007	1258	1316	1315
1233	4	1003	1123	1317	1077
1234	4	1019	1158	1317	1123
1235	4	954	1221	1317	1158
1236	4	1015	1077	1317	1221
1237	4	56	1214	1318	64
1238	4	1016	1081	1318	1214
1239	4	953	1159	1318	1081
1240	4	55	64	1318	1159
1241	4	960	1252	1319	1288
1242	4	973	1115	1319	1252
1243	4	1014	1144	1319	1115
1244	4	993	1288	1319	1144
1245	4	1009	1271	1320	1283
1246	4	996	1203	1320	1271
1247	4	126	143	1320	1203
1248	4	127	1283	1320	143
1249	4	974	1135	1321	1230
1250	4	979	1086	1321	1135
1251	4	1007	1315	1321	1086
1252	4	1001	1230	1321	1315
1253	4	976	1225	1322	1256
1254	4	1004	1249	1322	1225
1255	4	51	65	1322	1249
1256	4	52	1256	1322	65
1257	4	951	1112	1323	1142
1258	4	1020	1285	1323	1112
1259	4	977	1292	1323	1285
1260	4	66	1142	1323	1292
1261	4	994	1324	1326	1233
1262	4	971	1254	1326	1324
1263	4	73	1325	1326	1254
1264	4	972	1233	1326	1325
1265	4	955	1187	1327	1222
1266	4	966	1301	1327	1187
1267	4	1006	1312	1327	1301
1268	4	956	1222	1327	1312
1269	4	971	1324	1328	1240
1270	4	994	1275	1328	1324
1271	4	1017	1089	1328	1275
1272	4	952	1240	1328	1089
1273	4	5	82	1329	75
1274	4	76	1234	1329	82
1275	4	972	1325	1329	1234
1276	4	73	75	1329	1325
No._nodes_with_prescribed_DOFs: 111
Node_#, DOF#, Value:
4	2	0
71	2	0
68	2	0
70	2	0
67	2	0
69	2	0
66	2	0
72	2	0
3	2	0
4	1	0.02
71	1	0.02
68	1	0.02
70	1	0.02
67	1	0.02
69	1	0.02
66	1	0.02
72	1	0.02
3	1	0.02
1	1	0
28	1	0
18	1	0
24	1	0
19	1	0
27	1	0
20	1	0
25	1	0
21	1	0
26	1	0
22	1	0
23	1	0
10	1	0
38	1	0
29	1	0
44	1	0
30	1	0
43	1	0
31	1	0
40	1	0
32	1	0
39	1	0
33	1	0
45	1	0
34	1	0
42	1	0
35	1	0
41	1	0
36	1	0
46	1	0
37	1	0
47	1	0
2	1	0
1	2	0
28	2	0
18	2	0
24	2	0
19	2	0
27	2	0
20	2	0
25	2	0
21	2	0
26	2	0
22	2	0
23	2	0
10	2	0
38	2	0
29	2	0
44	2	0
30	2	0
43	2	0
31	2	0
40	2	0
32	2	0
39	2	0
33	2	0
45	2	0
34	2	0
42	2	0
35	2	0
41	2	0
36	2	0
46	2	0
37	2	0
47	2	0
2	2	0
74	2	0
73	2	0
75	2	0
5	2	0
9	2	0
108	2	0
106	2	0
107	2	0
63	2	0
57	2	0
61	2	0
56	2	0
64	2	0
55	2	0
60	2	0
54	2	0
58	2	0
53	2	0
59	2	0
52	2	0
65	2	0
51	2	0
62	2	0
16	2	0
49	2	0
48	2	0
50	2	0
