No._nodes:             1281
Nodal_coords:
0	0
2.5	0
5	0
7.5	0
10	0
12.5	0
15	0
17.5	0
20	0
22.5	0
25	0
27.5	0
30	0
32.5	0
35	0
37.5	0
40	0
42.5	0
45	0
47.5	0
50	0
52.5	0
55	0
57.5	0
60	0
62.5	0
65	0
67.5	0
70	0
72.5	0
75	0
77.5	0
80	0
82.5	0
85	0
87.5	0
90	0
92.5	0
95	0
97.5	0
100	0
0	2.5
5	2.5
10	2.5
15	2.5
20	2.5
25	2.5
30	2.5
35	2.5
40	2.5
45	2.5
50	2.5
55	2.5
60	2.5
65	2.5
70	2.5
75	2.5
80	2.5
85	2.5
90	2.5
95	2.5
100	2.5
0	5
2.5	5
5	5
7.5	5
10	5
12.5	5
15	5
17.5	5
20	5
22.5	5
25	5
27.5	5
30	5
32.5	5
35	5
37.5	5
40	5
42.5	5
45	5
47.5	5
50	5
52.5	5
55	5
57.5	5
60	5
62.5	5
65	5
67.5	5
70	5
72.5	5
75	5
77.5	5
80	5
82.5	5
85	5
87.5	5
90	5
92.5	5
95	5
97.5	5
100	5
0	7.5
5	7.5
10	7.5
15	7.5
20	7.5
25	7.5
30	7.5
35	7.5
40	7.5
45	7.5
50	7.5
55	7.5
60	7.5
65	7.5
70	7.5
75	7.5
80	7.5
85	7.5
90	7.5
95	7.5
100	7.5
0	10
2.5	10
5	10
7.5	10
10	10
12.5	10
15	10
17.5	10
20	10
22.5	10
25	10
27.5	10
30	10
32.5	10
35	10
37.5	10
40	10
42.5	10
45	10
47.5	10
50	10
52.5	10
55	10
57.5	10
60	10
62.5	10
65	10
67.5	10
70	10
72.5	10
75	10
77.5	10
80	10
82.5	10
85	10
87.5	10
90	10
92.5	10
95	10
97.5	10
100	10
0	12.5
5	12.5
10	12.5
15	12.5
20	12.5
25	12.5
30	12.5
35	12.5
40	12.5
45	12.5
50	12.5
55	12.5
60	12.5
65	12.5
70	12.5
75	12.5
80	12.5
85	12.5
90	12.5
95	12.5
100	12.5
0	15
2.5	15
5	15
7.5	15
10	15
12.5	15
15	15
17.5	15
20	15
22.5	15
25	15
27.5	15
30	15
32.5	15
35	15
37.5	15
40	15
42.5	15
45	15
47.5	15
50	15
52.5	15
55	15
57.5	15
60	15
62.5	15
65	15
67.5	15
70	15
72.5	15
75	15
77.5	15
80	15
82.5	15
85	15
87.5	15
90	15
92.5	15
95	15
97.5	15
100	15
0	17.5
5	17.5
10	17.5
15	17.5
20	17.5
25	17.5
30	17.5
35	17.5
40	17.5
45	17.5
50	17.5
55	17.5
60	17.5
65	17.5
70	17.5
75	17.5
80	17.5
85	17.5
90	17.5
95	17.5
100	17.5
0	20
2.5	20
5	20
7.5	20
10	20
12.5	20
15	20
17.5	20
20	20
22.5	20
25	20
27.5	20
30	20
32.5	20
35	20
37.5	20
40	20
42.5	20
45	20
47.5	20
50	20
52.5	20
55	20
57.5	20
60	20
62.5	20
65	20
67.5	20
70	20
72.5	20
75	20
77.5	20
80	20
82.5	20
85	20
87.5	20
90	20
92.5	20
95	20
97.5	20
100	20
0	22.5
5	22.5
10	22.5
15	22.5
20	22.5
25	22.5
30	22.5
35	22.5
40	22.5
45	22.5
50	22.5
55	22.5
60	22.5
65	22.5
70	22.5
75	22.5
80	22.5
85	22.5
90	22.5
95	22.5
100	22.5
0	25
2.5	25
5	25
7.5	25
10	25
12.5	25
15	25
17.5	25
20	25
22.5	25
25	25
27.5	25
30	25
32.5	25
35	25
37.5	25
40	25
42.5	25
45	25
47.5	25
50	25
52.5	25
55	25
57.5	25
60	25
62.5	25
65	25
67.5	25
70	25
72.5	25
75	25
77.5	25
80	25
82.5	25
85	25
87.5	25
90	25
92.5	25
95	25
97.5	25
100	25
0	27.5
5	27.5
10	27.5
15	27.5
20	27.5
25	27.5
30	27.5
35	27.5
40	27.5
45	27.5
50	27.5
55	27.5
60	27.5
65	27.5
70	27.5
75	27.5
80	27.5
85	27.5
90	27.5
95	27.5
100	27.5
0	30
2.5	30
5	30
7.5	30
10	30
12.5	30
15	30
17.5	30
20	30
22.5	30
25	30
27.5	30
30	30
32.5	30
35	30
37.5	30
40	30
42.5	30
45	30
47.5	30
50	30
52.5	30
55	30
57.5	30
60	30
62.5	30
65	30
67.5	30
70	30
72.5	30
75	30
77.5	30
80	30
82.5	30
85	30
87.5	30
90	30
92.5	30
95	30
97.5	30
100	30
0	32.5
5	32.5
10	32.5
15	32.5
20	32.5
25	32.5
30	32.5
35	32.5
40	32.5
45	32.5
50	32.5
55	32.5
60	32.5
65	32.5
70	32.5
75	32.5
80	32.5
85	32.5
90	32.5
95	32.5
100	32.5
0	35
2.5	35
5	35
7.5	35
10	35
12.5	35
15	35
17.5	35
20	35
22.5	35
25	35
27.5	35
30	35
32.5	35
35	35
37.5	35
40	35
42.5	35
45	35
47.5	35
50	35
52.5	35
55	35
57.5	35
60	35
62.5	35
65	35
67.5	35
70	35
72.5	35
75	35
77.5	35
80	35
82.5	35
85	35
87.5	35
90	35
92.5	35
95	35
97.5	35
100	35
0	37.5
5	37.5
10	37.5
15	37.5
20	37.5
25	37.5
30	37.5
35	37.5
40	37.5
45	37.5
50	37.5
55	37.5
60	37.5
65	37.5
70	37.5
75	37.5
80	37.5
85	37.5
90	37.5
95	37.5
100	37.5
0	40
2.5	40
5	40
7.5	40
10	40
12.5	40
15	40
17.5	40
20	40
22.5	40
25	40
27.5	40
30	40
32.5	40
35	40
37.5	40
40	40
42.5	40
45	40
47.5	40
50	40
52.5	40
55	40
57.5	40
60	40
62.5	40
65	40
67.5	40
70	40
72.5	40
75	40
77.5	40
80	40
82.5	40
85	40
87.5	40
90	40
92.5	40
95	40
97.5	40
100	40
0	42.5
5	42.5
10	42.5
15	42.5
20	42.5
25	42.5
30	42.5
35	42.5
40	42.5
45	42.5
50	42.5
55	42.5
60	42.5
65	42.5
70	42.5
75	42.5
80	42.5
85	42.5
90	42.5
95	42.5
100	42.5
0	45
2.5	45
5	45
7.5	45
10	45
12.5	45
15	45
17.5	45
20	45
22.5	45
25	45
27.5	45
30	45
32.5	45
35	45
37.5	45
40	45
42.5	45
45	45
47.5	45
50	45
52.5	45
55	45
57.5	45
60	45
62.5	45
65	45
67.5	45
70	45
72.5	45
75	45
77.5	45
80	45
82.5	45
85	45
87.5	45
90	45
92.5	45
95	45
97.5	45
100	45
0	47.5
5	47.5
10	47.5
15	47.5
20	47.5
25	47.5
30	47.5
35	47.5
40	47.5
45	47.5
50	47.5
55	47.5
60	47.5
65	47.5
70	47.5
75	47.5
80	47.5
85	47.5
90	47.5
95	47.5
100	47.5
0	50
2.5	50
5	50
7.5	50
10	50
12.5	50
15	50
17.5	50
20	50
22.5	50
25	50
27.5	50
30	50
32.5	50
35	50
37.5	50
40	50
42.5	50
45	50
47.5	50
50	50
52.5	50
55	50
57.5	50
60	50
62.5	50
65	50
67.5	50
70	50
72.5	50
75	50
77.5	50
80	50
82.5	50
85	50
87.5	50
90	50
92.5	50
95	50
97.5	50
100	50
0	52.5
5	52.5
10	52.5
15	52.5
20	52.5
25	52.5
30	52.5
35	52.5
40	52.5
45	52.5
50	52.5
55	52.5
60	52.5
65	52.5
70	52.5
75	52.5
80	52.5
85	52.5
90	52.5
95	52.5
100	52.5
0	55
2.5	55
5	55
7.5	55
10	55
12.5	55
15	55
17.5	55
20	55
22.5	55
25	55
27.5	55
30	55
32.5	55
35	55
37.5	55
40	55
42.5	55
45	55
47.5	55
50	55
52.5	55
55	55
57.5	55
60	55
62.5	55
65	55
67.5	55
70	55
72.5	55
75	55
77.5	55
80	55
82.5	55
85	55
87.5	55
90	55
92.5	55
95	55
97.5	55
100	55
0	57.5
5	57.5
10	57.5
15	57.5
20	57.5
25	57.5
30	57.5
35	57.5
40	57.5
45	57.5
50	57.5
55	57.5
60	57.5
65	57.5
70	57.5
75	57.5
80	57.5
85	57.5
90	57.5
95	57.5
100	57.5
0	60
2.5	60
5	60
7.5	60
10	60
12.5	60
15	60
17.5	60
20	60
22.5	60
25	60
27.5	60
30	60
32.5	60
35	60
37.5	60
40	60
42.5	60
45	60
47.5	60
50	60
52.5	60
55	60
57.5	60
60	60
62.5	60
65	60
67.5	60
70	60
72.5	60
75	60
77.5	60
80	60
82.5	60
85	60
87.5	60
90	60
92.5	60
95	60
97.5	60
100	60
0	62.5
5	62.5
10	62.5
15	62.5
20	62.5
25	62.5
30	62.5
35	62.5
40	62.5
45	62.5
50	62.5
55	62.5
60	62.5
65	62.5
70	62.5
75	62.5
80	62.5
85	62.5
90	62.5
95	62.5
100	62.5
0	65
2.5	65
5	65
7.5	65
10	65
12.5	65
15	65
17.5	65
20	65
22.5	65
25	65
27.5	65
30	65
32.5	65
35	65
37.5	65
40	65
42.5	65
45	65
47.5	65
50	65
52.5	65
55	65
57.5	65
60	65
62.5	65
65	65
67.5	65
70	65
72.5	65
75	65
77.5	65
80	65
82.5	65
85	65
87.5	65
90	65
92.5	65
95	65
97.5	65
100	65
0	67.5
5	67.5
10	67.5
15	67.5
20	67.5
25	67.5
30	67.5
35	67.5
40	67.5
45	67.5
50	67.5
55	67.5
60	67.5
65	67.5
70	67.5
75	67.5
80	67.5
85	67.5
90	67.5
95	67.5
100	67.5
0	70
2.5	70
5	70
7.5	70
10	70
12.5	70
15	70
17.5	70
20	70
22.5	70
25	70
27.5	70
30	70
32.5	70
35	70
37.5	70
40	70
42.5	70
45	70
47.5	70
50	70
52.5	70
55	70
57.5	70
60	70
62.5	70
65	70
67.5	70
70	70
72.5	70
75	70
77.5	70
80	70
82.5	70
85	70
87.5	70
90	70
92.5	70
95	70
97.5	70
100	70
0	72.5
5	72.5
10	72.5
15	72.5
20	72.5
25	72.5
30	72.5
35	72.5
40	72.5
45	72.5
50	72.5
55	72.5
60	72.5
65	72.5
70	72.5
75	72.5
80	72.5
85	72.5
90	72.5
95	72.5
100	72.5
0	75
2.5	75
5	75
7.5	75
10	75
12.5	75
15	75
17.5	75
20	75
22.5	75
25	75
27.5	75
30	75
32.5	75
35	75
37.5	75
40	75
42.5	75
45	75
47.5	75
50	75
52.5	75
55	75
57.5	75
60	75
62.5	75
65	75
67.5	75
70	75
72.5	75
75	75
77.5	75
80	75
82.5	75
85	75
87.5	75
90	75
92.5	75
95	75
97.5	75
100	75
0	77.5
5	77.5
10	77.5
15	77.5
20	77.5
25	77.5
30	77.5
35	77.5
40	77.5
45	77.5
50	77.5
55	77.5
60	77.5
65	77.5
70	77.5
75	77.5
80	77.5
85	77.5
90	77.5
95	77.5
100	77.5
0	80
2.5	80
5	80
7.5	80
10	80
12.5	80
15	80
17.5	80
20	80
22.5	80
25	80
27.5	80
30	80
32.5	80
35	80
37.5	80
40	80
42.5	80
45	80
47.5	80
50	80
52.5	80
55	80
57.5	80
60	80
62.5	80
65	80
67.5	80
70	80
72.5	80
75	80
77.5	80
80	80
82.5	80
85	80
87.5	80
90	80
92.5	80
95	80
97.5	80
100	80
0	82.5
5	82.5
10	82.5
15	82.5
20	82.5
25	82.5
30	82.5
35	82.5
40	82.5
45	82.5
50	82.5
55	82.5
60	82.5
65	82.5
70	82.5
75	82.5
80	82.5
85	82.5
90	82.5
95	82.5
100	82.5
0	85
2.5	85
5	85
7.5	85
10	85
12.5	85
15	85
17.5	85
20	85
22.5	85
25	85
27.5	85
30	85
32.5	85
35	85
37.5	85
40	85
42.5	85
45	85
47.5	85
50	85
52.5	85
55	85
57.5	85
60	85
62.5	85
65	85
67.5	85
70	85
72.5	85
75	85
77.5	85
80	85
82.5	85
85	85
87.5	85
90	85
92.5	85
95	85
97.5	85
100	85
0	87.5
5	87.5
10	87.5
15	87.5
20	87.5
25	87.5
30	87.5
35	87.5
40	87.5
45	87.5
50	87.5
55	87.5
60	87.5
65	87.5
70	87.5
75	87.5
80	87.5
85	87.5
90	87.5
95	87.5
100	87.5
0	90
2.5	90
5	90
7.5	90
10	90
12.5	90
15	90
17.5	90
20	90
22.5	90
25	90
27.5	90
30	90
32.5	90
35	90
37.5	90
40	90
42.5	90
45	90
47.5	90
50	90
52.5	90
55	90
57.5	90
60	90
62.5	90
65	90
67.5	90
70	90
72.5	90
75	90
77.5	90
80	90
82.5	90
85	90
87.5	90
90	90
92.5	90
95	90
97.5	90
100	90
0	92.5
5	92.5
10	92.5
15	92.5
20	92.5
25	92.5
30	92.5
35	92.5
40	92.5
45	92.5
50	92.5
55	92.5
60	92.5
65	92.5
70	92.5
75	92.5
80	92.5
85	92.5
90	92.5
95	92.5
100	92.5
0	95
2.5	95
5	95
7.5	95
10	95
12.5	95
15	95
17.5	95
20	95
22.5	95
25	95
27.5	95
30	95
32.5	95
35	95
37.5	95
40	95
42.5	95
45	95
47.5	95
50	95
52.5	95
55	95
57.5	95
60	95
62.5	95
65	95
67.5	95
70	95
72.5	95
75	95
77.5	95
80	95
82.5	95
85	95
87.5	95
90	95
92.5	95
95	95
97.5	95
100	95
0	97.5
5	97.5
10	97.5
15	97.5
20	97.5
25	97.5
30	97.5
35	97.5
40	97.5
45	97.5
50	97.5
55	97.5
60	97.5
65	97.5
70	97.5
75	97.5
80	97.5
85	97.5
90	97.5
95	97.5
100	97.5
0	100
2.5	100
5	100
7.5	100
10	100
12.5	100
15	100
17.5	100
20	100
22.5	100
25	100
27.5	100
30	100
32.5	100
35	100
37.5	100
40	100
42.5	100
45	100
47.5	100
50	100
52.5	100
55	100
57.5	100
60	100
62.5	100
65	100
67.5	100
70	100
72.5	100
75	100
77.5	100
80	100
82.5	100
85	100
87.5	100
90	100
92.5	100
95	100
97.5	100
100	100
No._elements:                       400
Max_no._nodes_on_any_one_element:   8
element_identifier; no._nodes_on_element; connectivity:
1	8	1	3	65	63	2	43	64	42
2	8	3	5	67	65	4	44	66	43
3	8	5	7	69	67	6	45	68	44
4	8	7	9	71	69	8	46	70	45
5	8	9	11	73	71	10	47	72	46
6	8	11	13	75	73	12	48	74	47
7	8	13	15	77	75	14	49	76	48
8	8	15	17	79	77	16	50	78	49
9	8	17	19	81	79	18	51	80	50
10	8	19	21	83	81	20	52	82	51
11	8	21	23	85	83	22	53	84	52
12	8	23	25	87	85	24	54	86	53
13	8	25	27	89	87	26	55	88	54
14	8	27	29	91	89	28	56	90	55
15	8	29	31	93	91	30	57	92	56
16	8	31	33	95	93	32	58	94	57
17	8	33	35	97	95	34	59	96	58
18	8	35	37	99	97	36	60	98	59
19	8	37	39	101	99	38	61	100	60
20	8	39	41	103	101	40	62	102	61
21	8	63	65	127	125	64	105	126	104
22	8	65	67	129	127	66	106	128	105
23	8	67	69	131	129	68	107	130	106
24	8	69	71	133	131	70	108	132	107
25	8	71	73	135	133	72	109	134	108
26	8	73	75	137	135	74	110	136	109
27	8	75	77	139	137	76	111	138	110
28	8	77	79	141	139	78	112	140	111
29	8	79	81	143	141	80	113	142	112
30	8	81	83	145	143	82	114	144	113
31	8	83	85	147	145	84	115	146	114
32	8	85	87	149	147	86	116	148	115
33	8	87	89	151	149	88	117	150	116
34	8	89	91	153	151	90	118	152	117
35	8	91	93	155	153	92	119	154	118
36	8	93	95	157	155	94	120	156	119
37	8	95	97	159	157	96	121	158	120
38	8	97	99	161	159	98	122	160	121
39	8	99	101	163	161	100	123	162	122
40	8	101	103	165	163	102	124	164	123
41	8	125	127	189	187	126	167	188	166
42	8	127	129	191	189	128	168	190	167
43	8	129	131	193	191	130	169	192	168
44	8	131	133	195	193	132	170	194	169
45	8	133	135	197	195	134	171	196	170
46	8	135	137	199	197	136	172	198	171
47	8	137	139	201	199	138	173	200	172
48	8	139	141	203	201	140	174	202	173
49	8	141	143	205	203	142	175	204	174
50	8	143	145	207	205	144	176	206	175
51	8	145	147	209	207	146	177	208	176
52	8	147	149	211	209	148	178	210	177
53	8	149	151	213	211	150	179	212	178
54	8	151	153	215	213	152	180	214	179
55	8	153	155	217	215	154	181	216	180
56	8	155	157	219	217	156	182	218	181
57	8	157	159	221	219	158	183	220	182
58	8	159	161	223	221	160	184	222	183
59	8	161	163	225	223	162	185	224	184
60	8	163	165	227	225	164	186	226	185
61	8	187	189	251	249	188	229	250	228
62	8	189	191	253	251	190	230	252	229
63	8	191	193	255	253	192	231	254	230
64	8	193	195	257	255	194	232	256	231
65	8	195	197	259	257	196	233	258	232
66	8	197	199	261	259	198	234	260	233
67	8	199	201	263	261	200	235	262	234
68	8	201	203	265	263	202	236	264	235
69	8	203	205	267	265	204	237	266	236
70	8	205	207	269	267	206	238	268	237
71	8	207	209	271	269	208	239	270	238
72	8	209	211	273	271	210	240	272	239
73	8	211	213	275	273	212	241	274	240
74	8	213	215	277	275	214	242	276	241
75	8	215	217	279	277	216	243	278	242
76	8	217	219	281	279	218	244	280	243
77	8	219	221	283	281	220	245	282	244
78	8	221	223	285	283	222	246	284	245
79	8	223	225	287	285	224	247	286	246
80	8	225	227	289	287	226	248	288	247
81	8	249	251	313	311	250	291	312	290
82	8	251	253	315	313	252	292	314	291
83	8	253	255	317	315	254	293	316	292
84	8	255	257	319	317	256	294	318	293
85	8	257	259	321	319	258	295	320	294
86	8	259	261	323	321	260	296	322	295
87	8	261	263	325	323	262	297	324	296
88	8	263	265	327	325	264	298	326	297
89	8	265	267	329	327	266	299	328	298
90	8	267	269	331	329	268	300	330	299
91	8	269	271	333	331	270	301	332	300
92	8	271	273	335	333	272	302	334	301
93	8	273	275	337	335	274	303	336	302
94	8	275	277	339	337	276	304	338	303
95	8	277	279	341	339	278	305	340	304
96	8	279	281	343	341	280	306	342	305
97	8	281	283	345	343	282	307	344	306
98	8	283	285	347	345	284	308	346	307
99	8	285	287	349	347	286	309	348	308
100	8	287	289	351	349	288	310	350	309
101	8	311	313	375	373	312	353	374	352
102	8	313	315	377	375	314	354	376	353
103	8	315	317	379	377	316	355	378	354
104	8	317	319	381	379	318	356	380	355
105	8	319	321	383	381	320	357	382	356
106	8	321	323	385	383	322	358	384	357
107	8	323	325	387	385	324	359	386	358
108	8	325	327	389	387	326	360	388	359
109	8	327	329	391	389	328	361	390	360
110	8	329	331	393	391	330	362	392	361
111	8	331	333	395	393	332	363	394	362
112	8	333	335	397	395	334	364	396	363
113	8	335	337	399	397	336	365	398	364
114	8	337	339	401	399	338	366	400	365
115	8	339	341	403	401	340	367	402	366
116	8	341	343	405	403	342	368	404	367
117	8	343	345	407	405	344	369	406	368
118	8	345	347	409	407	346	370	408	369
119	8	347	349	411	409	348	371	410	370
120	8	349	351	413	411	350	372	412	371
121	8	373	375	437	435	374	415	436	414
122	8	375	377	439	437	376	416	438	415
123	8	377	379	441	439	378	417	440	416
124	8	379	381	443	441	380	418	442	417
125	8	381	383	445	443	382	419	444	418
126	8	383	385	447	445	384	420	446	419
127	8	385	387	449	447	386	421	448	420
128	8	387	389	451	449	388	422	450	421
129	8	389	391	453	451	390	423	452	422
130	8	391	393	455	453	392	424	454	423
131	8	393	395	457	455	394	425	456	424
132	8	395	397	459	457	396	426	458	425
133	8	397	399	461	459	398	427	460	426
134	8	399	401	463	461	400	428	462	427
135	8	401	403	465	463	402	429	464	428
136	8	403	405	467	465	404	430	466	429
137	8	405	407	469	467	406	431	468	430
138	8	407	409	471	469	408	432	470	431
139	8	409	411	473	471	410	433	472	432
140	8	411	413	475	473	412	434	474	433
141	8	435	437	499	497	436	477	498	476
142	8	437	439	501	499	438	478	500	477
143	8	439	441	503	501	440	479	502	478
144	8	441	443	505	503	442	480	504	479
145	8	443	445	507	505	444	481	506	480
146	8	445	447	509	507	446	482	508	481
147	8	447	449	511	509	448	483	510	482
148	8	449	451	513	511	450	484	512	483
149	8	451	453	515	513	452	485	514	484
150	8	453	455	517	515	454	486	516	485
151	8	455	457	519	517	456	487	518	486
152	8	457	459	521	519	458	488	520	487
153	8	459	461	523	521	460	489	522	488
154	8	461	463	525	523	462	490	524	489
155	8	463	465	527	525	464	491	526	490
156	8	465	467	529	527	466	492	528	491
157	8	467	469	531	529	468	493	530	492
158	8	469	471	533	531	470	494	532	493
159	8	471	473	535	533	472	495	534	494
160	8	473	475	537	535	474	496	536	495
161	8	497	499	561	559	498	539	560	538
162	8	499	501	563	561	500	540	562	539
163	8	501	503	565	563	502	541	564	540
164	8	503	505	567	565	504	542	566	541
165	8	505	507	569	567	506	543	568	542
166	8	507	509	571	569	508	544	570	543
167	8	509	511	573	571	510	545	572	544
168	8	511	513	575	573	512	546	574	545
169	8	513	515	577	575	514	547	576	546
170	8	515	517	579	577	516	548	578	547
171	8	517	519	581	579	518	549	580	548
172	8	519	521	583	581	520	550	582	549
173	8	521	523	585	583	522	551	584	550
174	8	523	525	587	585	524	552	586	551
175	8	525	527	589	587	526	553	588	552
176	8	527	529	591	589	528	554	590	553
177	8	529	531	593	591	530	555	592	554
178	8	531	533	595	593	532	556	594	555
179	8	533	535	597	595	534	557	596	556
180	8	535	537	599	597	536	558	598	557
181	8	559	561	623	621	560	601	622	600
182	8	561	563	625	623	562	602	624	601
183	8	563	565	627	625	564	603	626	602
184	8	565	567	629	627	566	604	628	603
185	8	567	569	631	629	568	605	630	604
186	8	569	571	633	631	570	606	632	605
187	8	571	573	635	633	572	607	634	606
188	8	573	575	637	635	574	608	636	607
189	8	575	577	639	637	576	609	638	608
190	8	577	579	641	639	578	610	640	609
191	8	579	581	643	641	580	611	642	610
192	8	581	583	645	643	582	612	644	611
193	8	583	585	647	645	584	613	646	612
194	8	585	587	649	647	586	614	648	613
195	8	587	589	651	649	588	615	650	614
196	8	589	591	653	651	590	616	652	615
197	8	591	593	655	653	592	617	654	616
198	8	593	595	657	655	594	618	656	617
199	8	595	597	659	657	596	619	658	618
200	8	597	599	661	659	598	620	660	619
201	8	621	623	685	683	622	663	684	662
202	8	623	625	687	685	624	664	686	663
203	8	625	627	689	687	626	665	688	664
204	8	627	629	691	689	628	666	690	665
205	8	629	631	693	691	630	667	692	666
206	8	631	633	695	693	632	668	694	667
207	8	633	635	697	695	634	669	696	668
208	8	635	637	699	697	636	670	698	669
209	8	637	639	701	699	638	671	700	670
210	8	639	641	703	701	640	672	702	671
211	8	641	643	705	703	642	673	704	672
212	8	643	645	707	705	644	674	706	673
213	8	645	647	709	707	646	675	708	674
214	8	647	649	711	709	648	676	710	675
215	8	649	651	713	711	650	677	712	676
216	8	651	653	715	713	652	678	714	677
217	8	653	655	717	715	654	679	716	678
218	8	655	657	719	717	656	680	718	679
219	8	657	659	721	719	658	681	720	680
220	8	659	661	723	721	660	682	722	681
221	8	683	685	747	745	684	725	746	724
222	8	685	687	749	747	686	726	748	725
223	8	687	689	751	749	688	727	750	726
224	8	689	691	753	751	690	728	752	727
225	8	691	693	755	753	692	729	754	728
226	8	693	695	757	755	694	730	756	729
227	8	695	697	759	757	696	731	758	730
228	8	697	699	761	759	698	732	760	731
229	8	699	701	763	761	700	733	762	732
230	8	701	703	765	763	702	734	764	733
231	8	703	705	767	765	704	735	766	734
232	8	705	707	769	767	706	736	768	735
233	8	707	709	771	769	708	737	770	736
234	8	709	711	773	771	710	738	772	737
235	8	711	713	775	773	712	739	774	738
236	8	713	715	777	775	714	740	776	739
237	8	715	717	779	777	716	741	778	740
238	8	717	719	781	779	718	742	780	741
239	8	719	721	783	781	720	743	782	742
240	8	721	723	785	783	722	744	784	743
241	8	745	747	809	807	746	787	808	786
242	8	747	749	811	809	748	788	810	787
243	8	749	751	813	811	750	789	812	788
244	8	751	753	815	813	752	790	814	789
245	8	753	755	817	815	754	791	816	790
246	8	755	757	819	817	756	792	818	791
247	8	757	759	821	819	758	793	820	792
248	8	759	761	823	821	760	794	822	793
249	8	761	763	825	823	762	795	824	794
250	8	763	765	827	825	764	796	826	795
251	8	765	767	829	827	766	797	828	796
252	8	767	769	831	829	768	798	830	797
253	8	769	771	833	831	770	799	832	798
254	8	771	773	835	833	772	800	834	799
255	8	773	775	837	835	774	801	836	800
256	8	775	777	839	837	776	802	838	801
257	8	777	779	841	839	778	803	840	802
258	8	779	781	843	841	780	804	842	803
259	8	781	783	845	843	782	805	844	804
260	8	783	785	847	845	784	806	846	805
261	8	807	809	871	869	808	849	870	848
262	8	809	811	873	871	810	850	872	849
263	8	811	813	875	873	812	851	874	850
264	8	813	815	877	875	814	852	876	851
265	8	815	817	879	877	816	853	878	852
266	8	817	819	881	879	818	854	880	853
267	8	819	821	883	881	820	855	882	854
268	8	821	823	885	883	822	856	884	855
269	8	823	825	887	885	824	857	886	856
270	8	825	827	889	887	826	858	888	857
271	8	827	829	891	889	828	859	890	858
272	8	829	831	893	891	830	860	892	859
273	8	831	833	895	893	832	861	894	860
274	8	833	835	897	895	834	862	896	861
275	8	835	837	899	897	836	863	898	862
276	8	837	839	901	899	838	864	900	863
277	8	839	841	903	901	840	865	902	864
278	8	841	843	905	903	842	866	904	865
279	8	843	845	907	905	844	867	906	866
280	8	845	847	909	907	846	868	908	867
281	8	869	871	933	931	870	911	932	910
282	8	871	873	935	933	872	912	934	911
283	8	873	875	937	935	874	913	936	912
284	8	875	877	939	937	876	914	938	913
285	8	877	879	941	939	878	915	940	914
286	8	879	881	943	941	880	916	942	915
287	8	881	883	945	943	882	917	944	916
288	8	883	885	947	945	884	918	946	917
289	8	885	887	949	947	886	919	948	918
290	8	887	889	951	949	888	920	950	919
291	8	889	891	953	951	890	921	952	920
292	8	891	893	955	953	892	922	954	921
293	8	893	895	957	955	894	923	956	922
294	8	895	897	959	957	896	924	958	923
295	8	897	899	961	959	898	925	960	924
296	8	899	901	963	961	900	926	962	925
297	8	901	903	965	963	902	927	964	926
298	8	903	905	967	965	904	928	966	927
299	8	905	907	969	967	906	929	968	928
300	8	907	909	971	969	908	930	970	929
301	8	931	933	995	993	932	973	994	972
302	8	933	935	997	995	934	974	996	973
303	8	935	937	999	997	936	975	998	974
304	8	937	939	1001	999	938	976	1000	975
305	8	939	941	1003	1001	940	977	1002	976
306	8	941	943	1005	1003	942	978	1004	977
307	8	943	945	1007	1005	944	979	1006	978
308	8	945	947	1009	1007	946	980	1008	979
309	8	947	949	1011	1009	948	981	1010	980
310	8	949	951	1013	1011	950	982	1012	981
311	8	951	953	1015	1013	952	983	1014	982
312	8	953	955	1017	1015	954	984	1016	983
313	8	955	957	1019	1017	956	985	1018	984
314	8	957	959	1021	1019	958	986	1020	985
315	8	959	961	1023	1021	960	987	1022	986
316	8	961	963	1025	1023	962	988	1024	987
317	8	963	965	1027	1025	964	989	1026	988
318	8	965	967	1029	1027	966	990	1028	989
319	8	967	969	1031	1029	968	991	1030	990
320	8	969	971	1033	1031	970	992	1032	991
321	8	993	995	1057	1055	994	1035	1056	1034
322	8	995	997	1059	1057	996	1036	1058	1035
323	8	997	999	1061	1059	998	1037	1060	1036
324	8	999	1001	1063	1061	1000	1038	1062	1037
325	8	1001	1003	1065	1063	1002	1039	1064	1038
326	8	1003	1005	1067	1065	1004	1040	1066	1039
327	8	1005	1007	1069	1067	1006	1041	1068	1040
328	8	1007	1009	1071	1069	1008	1042	1070	1041
329	8	1009	1011	1073	1071	1010	1043	1072	1042
330	8	1011	1013	1075	1073	1012	1044	1074	1043
331	8	1013	1015	1077	1075	1014	1045	1076	1044
332	8	1015	1017	1079	1077	1016	1046	1078	1045
333	8	1017	1019	1081	1079	1018	1047	1080	1046
334	8	1019	1021	1083	1081	1020	1048	1082	1047
335	8	1021	1023	1085	1083	1022	1049	1084	1048
336	8	1023	1025	1087	1085	1024	1050	1086	1049
337	8	1025	1027	1089	1087	1026	1051	1088	1050
338	8	1027	1029	1091	1089	1028	1052	1090	1051
339	8	1029	1031	1093	1091	1030	1053	1092	1052
340	8	1031	1033	1095	1093	1032	1054	1094	1053
341	8	1055	1057	1119	1117	1056	1097	1118	1096
342	8	1057	1059	1121	1119	1058	1098	1120	1097
343	8	1059	1061	1123	1121	1060	1099	1122	1098
344	8	1061	1063	1125	1123	1062	1100	1124	1099
345	8	1063	1065	1127	1125	1064	1101	1126	1100
346	8	1065	1067	1129	1127	1066	1102	1128	1101
347	8	1067	1069	1131	1129	1068	1103	1130	1102
348	8	1069	1071	1133	1131	1070	1104	1132	1103
349	8	1071	1073	1135	1133	1072	1105	1134	1104
350	8	1073	1075	1137	1135	1074	1106	1136	1105
351	8	1075	1077	1139	1137	1076	1107	1138	1106
352	8	1077	1079	1141	1139	1078	1108	1140	1107
353	8	1079	1081	1143	1141	1080	1109	1142	1108
354	8	1081	1083	1145	1143	1082	1110	1144	1109
355	8	1083	1085	1147	1145	1084	1111	1146	1110
356	8	1085	1087	1149	1147	1086	1112	1148	1111
357	8	1087	1089	1151	1149	1088	1113	1150	1112
358	8	1089	1091	1153	1151	1090	1114	1152	1113
359	8	1091	1093	1155	1153	1092	1115	1154	1114
360	8	1093	1095	1157	1155	1094	1116	1156	1115
361	8	1117	1119	1181	1179	1118	1159	1180	1158
362	8	1119	1121	1183	1181	1120	1160	1182	1159
363	8	1121	1123	1185	1183	1122	1161	1184	1160
364	8	1123	1125	1187	1185	1124	1162	1186	1161
365	8	1125	1127	1189	1187	1126	1163	1188	1162
366	8	1127	1129	1191	1189	1128	1164	1190	1163
367	8	1129	1131	1193	1191	1130	1165	1192	1164
368	8	1131	1133	1195	1193	1132	1166	1194	1165
369	8	1133	1135	1197	1195	1134	1167	1196	1166
370	8	1135	1137	1199	1197	1136	1168	1198	1167
371	8	1137	1139	1201	1199	1138	1169	1200	1168
372	8	1139	1141	1203	1201	1140	1170	1202	1169
373	8	1141	1143	1205	1203	1142	1171	1204	1170
374	8	1143	1145	1207	1205	1144	1172	1206	1171
375	8	1145	1147	1209	1207	1146	1173	1208	1172
376	8	1147	1149	1211	1209	1148	1174	1210	1173
377	8	1149	1151	1213	1211	1150	1175	1212	1174
378	8	1151	1153	1215	1213	1152	1176	1214	1175
379	8	1153	1155	1217	1215	1154	1177	1216	1176
380	8	1155	1157	1219	1217	1156	1178	1218	1177
381	8	1179	1181	1243	1241	1180	1221	1242	1220
382	8	1181	1183	1245	1243	1182	1222	1244	1221
383	8	1183	1185	1247	1245	1184	1223	1246	1222
384	8	1185	1187	1249	1247	1186	1224	1248	1223
385	8	1187	1189	1251	1249	1188	1225	1250	1224
386	8	1189	1191	1253	1251	1190	1226	1252	1225
387	8	1191	1193	1255	1253	1192	1227	1254	1226
388	8	1193	1195	1257	1255	1194	1228	1256	1227
389	8	1195	1197	1259	1257	1196	1229	1258	1228
390	8	1197	1199	1261	1259	1198	1230	1260	1229
391	8	1199	1201	1263	1261	1200	1231	1262	1230
392	8	1201	1203	1265	1263	1202	1232	1264	1231
393	8	1203	1205	1267	1265	1204	1233	1266	1232
394	8	1205	1207	1269	1267	1206	1234	1268	1233
395	8	1207	1209	1271	1269	1208	1235	1270	1234
396	8	1209	1211	1273	1271	1210	1236	1272	1235
397	8	1211	1213	1275	1273	1212	1237	1274	1236
398	8	1213	1215	1277	1275	1214	1238	1276	1237
399	8	1215	1217	1279	1277	1216	1239	1278	1238
400	8	1217	1219	1281	1279	1218	1240	1280	1239
No._nodes_with_prescribed_DOFs: 71
Node_#, DOF#, Value:
1241	2	0.01
1242	2	0.01
1243	2	0.01
1244	2	0.01
1245	2	0.01
1246	2	0.01
1247	2	0.01
1248	2	0.01
1249	2	0.01
1250	2	0.01
1251	2	0.01
1252	2	0.01
1253	2	0.01
1254	2	0.01
1255	2	0.01
1256	2	0.01
1257	2	0.01
1258	2	0.01
1259	2	0.01
1260	2	0.01
1261	2	0.01
1262	2	0.01
1263	2	0.01
1264	2	0.01
1265	2	0.01
1266	2	0.01
1267	2	0.01
1268	2	0.01
1269	2	0.01
1270	2	0.01
1271	2	0.01
1272	2	0.01
1273	2	0.01
1274	2	0.01
1275	2	0.01
1276	2	0.01
1277	2	0.01
1278	2	0.01
1279	2	0.01
1280	2	0.01
1281	2	0.01
13	2	0
14	2	0
15	2	0
16	2	0
17	2	0
18	2	0
19	2	0
20	2	0
21	2	0
22	2	0
23	2	0
24	2	0
25	2	0
26	2	0
27	2	0
28	2	0
29	2	0
30	2	0
31	2	0
32	2	0
33	2	0
34	2	0
35	2	0
36	2	0
37	2	0
38	2	0
39	2	0
40	2	0
41	2	0
41	1	0
